20160104 1.00000000 -> 1.04889740 1.04889740
20160105 1.04889740 -> 1.02515219 0.97736174
20160106 1.02515219 -> 0.99202479 0.96768538
20160107 0.99202479 -> 0.97251730 0.98033569
20160108 0.97251730 -> 0.95666314 0.98369781
20160111 0.95666314 -> 0.93400688 0.97631741
20160112 0.93400688 -> 0.92446261 0.98978137
20160113 0.92446261 -> 0.94338004 1.02046316
20160114 0.94338004 -> 0.94322257 0.99983309
20160115 0.94322257 -> 0.99109809 1.05075739
20160118 0.99109809 -> 1.01006245 1.01913469
20160119 1.01006245 -> 0.99168420 0.98180484
20160120 0.99168420 -> 0.98194464 0.99017877
20160121 0.98194464 -> 0.99661217 1.01493723
20160122 0.99661217 -> 0.96275278 0.96602552
20160125 0.96275278 -> 0.93020371 0.96619167
20160126 0.93020371 -> 0.89979695 0.96731172
20160127 0.89979695 -> 0.90270274 1.00322938
20160128 0.90270274 -> 0.91734634 1.01622195
20160129 0.91734634 -> 0.93122088 1.01512464
20160201 0.93122088 -> 0.95707175 1.02776020
20160202 0.95707175 -> 0.99697414 1.04169216
20160203 0.99697414 -> 1.00547434 1.00852600
20160204 1.00547434 -> 1.00113406 0.99568335
20160205 1.00113406 -> 1.04942927 1.04824050
20160215 1.04942927 -> 1.09099525 1.03960818
20160216 1.09099525 -> 1.10862314 1.01615762
20160217 1.10862314 -> 1.10852733 0.99991358
20160218 1.10852733 -> 1.12438480 1.01430499
20160219 1.12438480 -> 1.13066272 1.00558343
20160222 1.13066272 -> 1.12947121 0.99894619
20160223 1.12947121 -> 1.08079159 0.95690052
20160224 1.08079159 -> 1.01958683 0.94337043
20160225 1.01958683 -> 0.97628378 0.95752883
20160226 0.97628378 -> 0.95631910 0.97955033
20160229 0.95631910 -> 0.99934839 1.04499470
20160301 0.99934839 -> 1.02543716 1.02610578
20160302 1.02543716 -> 1.00599176 0.98103696
20160303 1.00599176 -> 1.00309848 0.99712395
20160304 1.00309848 -> 1.02426051 1.02109666
20160307 1.02426051 -> 1.01705847 0.99296855
20160308 1.01705847 -> 1.00740454 0.99050799
20160309 1.00740454 -> 0.99206384 0.98477205
20160310 0.99206384 -> 1.01394913 1.02206036
20160311 1.01394913 -> 1.02406518 1.00997688
20160314 1.02406518 -> 1.01896158 0.99501633
20160315 1.01896158 -> 1.02819875 1.00906527
20160316 1.02819875 -> 1.07085114 1.04148263
20160317 1.07085114 -> 1.10634377 1.03314432
20160318 1.10634377 -> 1.11331890 1.00630466
20160321 1.11331890 -> 1.12612394 1.01150168
20160322 1.12612394 -> 1.11724141 0.99211229
20160323 1.11724141 -> 1.11708241 0.99985769
20160324 1.11708241 -> 1.12271293 1.00504038
20160325 1.12271293 -> 1.10530438 0.98449421
20160328 1.10530438 -> 1.12012469 1.01340835
20160329 1.12012469 -> 1.14202333 1.01955018
20160330 1.14202333 -> 1.13533338 0.99414202
20160331 1.13533338 -> 1.14923742 1.01224666
20160401 1.14923742 -> 1.17294817 1.02063172
20160405 1.17294817 -> 1.17207416 0.99925486
20160406 1.17207416 -> 1.16543265 0.99433354
20160407 1.16543265 -> 1.18352922 1.01552777
20160408 1.18352922 -> 1.17963726 0.99671156
20160411 1.17963726 -> 1.18458004 1.00419009
20160412 1.18458004 -> 1.20026126 1.01323779
20160413 1.20026126 -> 1.20541318 1.00429233
20160414 1.20541318 -> 1.19852480 0.99428547
20160415 1.19852480 -> 1.19989770 1.00114548
20160418 1.19989770 -> 1.16528294 0.97115191
20160419 1.16528294 -> 1.11880451 0.96011404
20160420 1.11880451 -> 1.11885601 1.00004603
20160421 1.11885601 -> 1.12810686 1.00826814
20160422 1.12810686 -> 1.13698857 1.00787311
20160425 1.13698857 -> 1.14525631 1.00727161
20160426 1.14525631 -> 1.13992017 0.99534066
20160427 1.13992017 -> 1.13653883 0.99703370
20160428 1.13653883 -> 1.15428650 1.01561554
20160429 1.15428650 -> 1.16552720 1.00973823
20160503 1.16552720 -> 1.16929796 1.00323524
20160504 1.16929796 -> 1.14725103 0.98114516
20160505 1.14725103 -> 1.08677602 0.94728703
20160506 1.08677602 -> 1.06045172 0.97577763
20160509 1.06045172 -> 1.06041376 0.99996421
20160510 1.06041376 -> 1.04800147 0.98829486
20160511 1.04800147 -> 1.05187088 1.00369218
20160512 1.05187088 -> 1.06326659 1.01083375
20160513 1.06326659 -> 1.08059487 1.01629721
20160516 1.08059487 -> 1.06266297 0.98340553
20160517 1.06266297 -> 1.05478399 0.99258563
20160518 1.05478399 -> 1.07348216 1.01772702
20160519 1.07348216 -> 1.10843464 1.03255991
20160520 1.10843464 -> 1.11795383 1.00858795
20160523 1.11795383 -> 1.11154832 0.99427033
20160524 1.11154832 -> 1.11089656 0.99941364
20160525 1.11089656 -> 1.11687757 1.00538395
20160526 1.11687757 -> 1.11029200 0.99410359
20160527 1.11029200 -> 1.14252177 1.02902819
20160530 1.14252177 -> 1.18344905 1.03582189
20160531 1.18344905 -> 1.20347935 1.01692535
20160601 1.20347935 -> 1.21412849 1.00884863
20160602 1.21412849 -> 1.22414380 1.00824897
20160603 1.22414380 -> 1.23569182 1.00943355
20160606 1.23569182 -> 1.23671163 1.00082530
20160607 1.23671163 -> 1.20327153 0.97296047
20160608 1.20327153 -> 1.17928755 0.98006769
20160613 1.17928755 -> 1.21044381 1.02641956
20160614 1.21044381 -> 1.24485020 1.02842461
20160615 1.24485020 -> 1.25182862 1.00560583
20160616 1.25182862 -> 1.26190396 1.00804850
20160617 1.26190396 -> 1.25645347 0.99568074
20160620 1.25645347 -> 1.25668402 1.00018349
20160621 1.25668402 -> 1.27545531 1.01493716
20160622 1.27545531 -> 1.27188636 0.99720182
20160623 1.27188636 -> 1.28866718 1.01319365
20160624 1.28866718 -> 1.32133188 1.02534766
20160627 1.32133188 -> 1.33897189 1.01335017
20160628 1.33897189 -> 1.35008516 1.00829985
20160629 1.35008516 -> 1.34539177 0.99652364
20160630 1.34539177 -> 1.36196194 1.01231624
20160701 1.36196194 -> 1.38040928 1.01354468
20160704 1.38040928 -> 1.39438906 1.01012728
20160705 1.39438906 -> 1.41136879 1.01217718
20160706 1.41136879 -> 1.41604987 1.00331669
20160707 1.41604987 -> 1.41881573 1.00195322
20160708 1.41881573 -> 1.41622872 0.99817664
20160711 1.41622872 -> 1.43059195 1.01014189
20160712 1.43059195 -> 1.43916007 1.00598921
20160713 1.43916007 -> 1.43779783 0.99905344
20160714 1.43779783 -> 1.43372499 0.99716731
20160715 1.43372499 -> 1.43797077 1.00296136
20160718 1.43797077 -> 1.44642135 1.00587674
20160719 1.44642135 -> 1.44879132 1.00163850
20160720 1.44879132 -> 1.44826787 0.99963870
20160721 1.44826787 -> 1.43485305 0.99073734
20160722 1.43485305 -> 1.44457550 1.00677592
20160725 1.44457550 -> 1.41721832 0.98106213
20160726 1.41721832 -> 1.37940566 0.97331910
20160727 1.37940566 -> 1.37772054 0.99877837
20160728 1.37772054 -> 1.36294148 0.98927281
20160729 1.36294148 -> 1.36444084 1.00110010
20160801 1.36444084 -> 1.38079062 1.01198276
20160802 1.38079062 -> 1.39559915 1.01072468
20160803 1.39559915 -> 1.40435528 1.00627410
20160804 1.40435528 -> 1.41047167 1.00435530
20160805 1.41047167 -> 1.43240136 1.01554777
20160808 1.43240136 -> 1.44672750 1.01000149
20160809 1.44672750 -> 1.43391972 0.99114707
20160810 1.43391972 -> 1.42935172 0.99681433
20160811 1.42935172 -> 1.45728872 1.01954522
20160812 1.45728872 -> 1.48136539 1.01652155
20160815 1.48136539 -> 1.49302752 1.00787256
20160816 1.49302752 -> 1.50855952 1.01040302
20160817 1.50855952 -> 1.52203231 1.00893090
20160818 1.52203231 -> 1.51581662 0.99591619
20160819 1.51581662 -> 1.50864798 0.99527077
20160822 1.50864798 -> 1.52053788 1.00788116
20160823 1.52053788 -> 1.51900705 0.99899323
20160824 1.51900705 -> 1.51577532 0.99787247
20160825 1.51577532 -> 1.51924848 1.00229134
20160826 1.51924848 -> 1.51621711 0.99800469
20160829 1.51621711 -> 1.51415918 0.99864272
20160830 1.51415918 -> 1.50710774 0.99534300
20160901 1.50710774 -> 1.51254698 1.00360906
20160902 1.51254698 -> 1.52550647 1.00856799
20160905 1.52550647 -> 1.53342878 1.00519323
20160906 1.53342878 -> 1.53357629 1.00009619
20160907 1.53357629 -> 1.52805600 0.99640038
20160908 1.52805600 -> 1.50341593 0.98387489
20160909 1.50341593 -> 1.50269822 0.99952262
20160912 1.50269822 -> 1.50120218 0.99900443
20160913 1.50120218 -> 1.52280737 1.01439193
20160914 1.52280737 -> 1.53094312 1.00534260
20160919 1.53094312 -> 1.53170094 1.00049500
20160920 1.53170094 -> 1.53705152 1.00349323
20160921 1.53705152 -> 1.54147403 1.00287727
20160922 1.54147403 -> 1.52180958 0.98724309
20160923 1.52180958 -> 1.50722953 0.99041927
20160926 1.50722953 -> 1.51021339 1.00197970
20160927 1.51021339 -> 1.50807979 0.99858722
20160928 1.50807979 -> 1.51434164 1.00415220
20160929 1.51434164 -> 1.54905250 1.02292142
20160930 1.54905250 -> 1.57773119 1.01851370