20160104 1.04462064 0.50000000 -> 0.54462064 1.08924127 0 0 
20160105 1.00927221 0.50000000 -> 0.46465157 0.92930315 2 33 lack(46)
20160106 0.97250597 0.54462064 -> 0.50785440 0.93249202 2 0 
20160107 0.93588634 0.46465157 -> 0.42803195 0.92118906 3 22 lack(38)
20160108 0.92616727 0.50785440 -> 0.49813533 0.98086249 1 4 
20160111 0.91438158 0.42803195 -> 0.41624625 0.97246539 0 1 lack(19)
20160112 0.92190689 0.49813533 -> 0.50566064 1.01510696 0 0 
20160113 0.95782088 0.41624625 -> 0.45216024 1.08628062 0 0 
20160114 0.95930216 0.50566064 -> 0.50714192 1.00292940 1 0 
20160115 1.01754907 0.45216024 -> 0.51040715 1.12881917 0 0 
20160118 1.05215306 0.50714192 -> 0.54174591 1.06823334 1 0 
20160119 1.03178675 0.51040715 -> 0.49004085 0.96009793 1 3 
20160120 1.02688444 0.54174591 -> 0.53684359 0.99095090 1 0 
20160121 1.04791591 0.49004085 -> 0.51107231 1.04291778 0 2 
20160122 1.00948510 0.53684359 -> 0.49841279 0.92841341 1 14 lack(25)
20160125 0.97286806 0.51107231 -> 0.47445527 0.92835251 2 1 lack(24)
20160126 0.96067708 0.49841279 -> 0.48622182 0.97554041 1 7 lack(37)
20160127 0.96771530 0.47445527 -> 0.48149348 1.01483430 1 0 
20160128 0.99361400 0.48622182 -> 0.51212052 1.05326521 0 0 
20160129 1.00665311 0.48149348 -> 0.49453259 1.02708055 0 0 
20160201 1.04589558 0.51212052 -> 0.55136300 1.07662742 0 0 
20160202 1.08110292 0.49453259 -> 0.52973992 1.07119316 0 0 
20160203 1.09002036 0.55136300 -> 0.56028043 1.01617344 1 1 
20160204 1.08461851 0.52973992 -> 0.52433808 0.98980283 3 1 
20160205 1.14721889 0.56028043 -> 0.62288081 1.11173043 0 0 
20160215 1.19349847 0.52433808 -> 0.57061766 1.08826287 0 0 
20160216 1.22351081 0.62288081 -> 0.65289315 1.04818311 1 0 lack(37)
20160217 1.22427683 0.57061766 -> 0.57138369 1.00134245 0 0 lack(30)
20160218 1.25180708 0.65289315 -> 0.68042339 1.04216654 2 0 
20160219 1.26554432 0.57138369 -> 0.58512093 1.02404207 1 0 lack(14)
20160222 1.29406872 0.68042339 -> 0.70894778 1.04192154 1 0 lack(12)
20160223 1.23314780 0.58512093 -> 0.52420001 0.89588320 1 7 lack(10)
20160224 1.15656884 0.70894778 -> 0.63236883 0.89198223 1 1 lack(14)
20160225 1.12879399 0.52420001 -> 0.49642516 0.94701478 0 15 
20160226 1.10931542 0.63236883 -> 0.61289026 0.96919745 0 0 
20160229 1.16107215 0.49642516 -> 0.54818189 1.10425887 0 0 
20160301 1.20634783 0.61289026 -> 0.65816594 1.07387242 0 0 
20160302 1.18795220 0.54818189 -> 0.52978626 0.96644248 0 4 
20160303 1.18505619 0.65816594 -> 0.65526993 0.99559988 1 0 
20160304 1.20641646 0.52978626 -> 0.55114653 1.04031864 0 0 
20160307 1.20592641 0.65526993 -> 0.65477988 0.99925215 0 0 lack(42)
20160308 1.19519997 0.55114653 -> 0.54042008 0.98053795 0 0 lack(31)
20160309 1.18047450 0.65477988 -> 0.64005442 0.97751081 0 0 
20160310 1.22882466 0.54042008 -> 0.58877025 1.08946774 0 0 
20160311 1.24739424 0.64005442 -> 0.65862399 1.02901250 0 0 
20160314 1.23550148 0.58877025 -> 0.57687749 0.97980068 0 0 
20160315 1.25706860 0.65862399 -> 0.68019111 1.03274573 0 0 
20160316 1.33408894 0.57687749 -> 0.65389783 1.13351247 0 0 
20160317 1.40039787 0.68019111 -> 0.74650004 1.09748573 0 0 
20160318 1.41248181 0.65389783 -> 0.66598177 1.01847986 0 0 
20160321 1.43814434 0.74650004 -> 0.77216257 1.03437712 0 0 lack(36)
20160322 1.44477946 0.66598177 -> 0.67261690 1.00996293 1 0 lack(33)
20160323 1.45118149 0.77216257 -> 0.77856459 1.00829103 0 0 lack(31)
20160324 1.45392593 0.67261690 -> 0.67536134 1.00408024 0 0 
20160325 1.41714633 0.77856459 -> 0.74178499 0.95275973 0 0 
20160328 1.44233358 0.67536134 -> 0.70054858 1.03729448 1 0 
20160329 1.48303502 0.74178499 -> 0.78248643 1.05486959 0 0 
20160330 1.48416768 0.70054858 -> 0.70168124 1.00161682 0 1 
20160331 1.51908785 0.78248643 -> 0.81740661 1.04462720 0 0 
20160401 1.55450954 0.70168124 -> 0.73710292 1.05048116 0 0 
20160405 1.54684946 0.81740661 -> 0.80974653 0.99062880 2 0 lack(22)
20160406 1.53459879 0.73710292 -> 0.72485226 0.98337998 0 0 lack(17)
20160407 1.56112406 0.80974653 -> 0.83627180 1.03275749 0 0 
20160408 1.56479234 0.72485226 -> 0.72852054 1.00506073 0 0 
20160411 1.55386539 0.83627180 -> 0.82534486 0.98693374 0 0 lack(21)
20160412 1.58712630 0.72852054 -> 0.76178145 1.04565542 2 0 lack(44)
20160413 1.59028826 0.82534486 -> 0.82850681 1.00383107 0 0 
20160414 1.58615235 0.76178145 -> 0.75764555 0.99457075 1 0 
20160415 1.58249332 0.82850681 -> 0.82484778 0.99558359 1 0 
20160418 1.52907555 0.75764555 -> 0.70422778 0.92949504 1 7 lack(31)
20160419 1.44915405 0.82484778 -> 0.74492628 0.90310757 0 1 lack(19)
20160420 1.45071471 0.70422778 -> 0.70578843 1.00221612 0 0 
20160421 1.47302959 0.74492628 -> 0.76724116 1.02995583 1 0 
20160422 1.49340419 0.70578843 -> 0.72616303 1.02886786 1 0 
20160425 1.50453787 0.76724116 -> 0.77837484 1.01451131 2 0 
20160426 1.50234008 0.72616303 -> 0.72396525 0.99697343 1 0 
20160427 1.50865252 0.77837484 -> 0.78468727 1.00810976 1 0 
20160428 1.54802134 0.72396525 -> 0.76333406 1.05437943 0 0 
20160429 1.58671855 0.78468727 -> 0.82338448 1.04931545 0 0 
20160503 1.62086640 0.76333406 -> 0.79748192 1.04473514 0 0 lack(18)
20160504 1.61616623 0.82338448 -> 0.81868431 0.99429164 0 0 lack(23)
20160505 1.53738316 0.79748192 -> 0.71869885 0.90121021 0 3 lack(24)
20160506 1.51894117 0.81868431 -> 0.80024232 0.97747362 0 0 
20160509 1.50046453 0.71869885 -> 0.70022221 0.97429155 0 2 lack(43)
20160510 1.48372282 0.80024232 -> 0.78350061 0.97907919 0 0 lack(32)
20160511 1.50301711 0.70022221 -> 0.71951650 1.02755452 0 0 
20160512 1.53863876 0.78350061 -> 0.81912226 1.04546474 0 0 
20160513 1.56828965 0.71951650 -> 0.74916739 1.04120947 0 0 
20160516 1.52888658 0.81912226 -> 0.77971919 0.95189598 0 0 lack(37)
20160517 1.52344751 0.74916739 -> 0.74372832 0.99273985 1 0 
20160518 1.55726752 0.77971919 -> 0.81353919 1.04337460 0 0 
20160519 1.61307050 0.74372832 -> 0.79953131 1.07503141 0 0 
20160520 1.62764175 0.81353919 -> 0.82811044 1.01791093 0 0 
20160523 1.62115443 0.79953131 -> 0.79304399 0.99188610 0 0 lack(35)
20160524 1.62566765 0.82811044 -> 0.83262366 1.00545002 1 0 
20160525 1.63652625 0.79304399 -> 0.80390259 1.01369230 0 0 
20160526 1.63412964 0.83262366 -> 0.83022705 0.99712162 0 0 
20160527 1.69982054 0.80390259 -> 0.86959349 1.08171500 0 0 
20160530 1.77017929 0.83022705 -> 0.90058580 1.08474639 0 0 
20160531 1.80770360 0.86959349 -> 0.90711780 1.04315155 2 0 
20160601 1.83800542 0.90058580 -> 0.93088762 1.03364679 1 0 lack(42)
20160602 1.85592121 0.90711780 -> 0.92503359 1.01975023 0 0 lack(31)
20160603 1.89944856 0.93088762 -> 0.97441498 1.04675898 3 0 
20160606 1.91674551 0.92503359 -> 0.94233053 1.01869872 2 2 lack(27)
20160607 1.84263116 0.97441498 -> 0.90030062 0.92393964 1 9 lack(23)
20160608 1.83183482 0.94233053 -> 0.93153420 0.98854295 1 0 lack(26)
20160613 1.90494743 0.90030062 -> 0.97341323 1.08120910 0 0 
20160614 1.99508088 0.93153420 -> 1.02166765 1.09675807 0 0 
20160615 2.02930297 0.97341323 -> 1.00763532 1.03515679 0 0 lack(31)
20160616 2.07380241 1.02166765 -> 1.06616709 1.04355569 1 0 
20160617 2.08250174 1.00763532 -> 1.01633465 1.00863341 1 0 
20160620 2.09008425 1.06616709 -> 1.07374960 1.00711193 0 0 lack(19)
20160621 2.12688051 1.01633465 -> 1.05313091 1.03620487 1 0 
20160622 2.12024865 1.07374960 -> 1.06711774 0.99382364 2 0 lack(47)
20160623 2.15870652 1.05313091 -> 1.09158878 1.03651766 2 0 
20160624 2.24443210 1.06711774 -> 1.15284332 1.08033376 0 0 
20160627 2.28740610 1.09158878 -> 1.13456278 1.03936830 2 0 
20160628 2.27772113 1.15284332 -> 1.14315834 0.99159905 4 1 lack(37)
20160629 2.26900020 1.13456278 -> 1.12584186 0.99231341 4 0 
20160630 2.30466365 1.14315834 -> 1.17882179 1.03119729 3 0 
20160701 2.37065352 1.12584186 -> 1.19183173 1.05861380 3 0 
20160704 2.39169429 1.17882179 -> 1.19986255 1.01784898 4 0 lack(38)
20160705 2.41357839 1.19183173 -> 1.21371583 1.01836174 4 0 
20160706 2.40707091 1.19986255 -> 1.19335508 0.99457648 4 0 lack(44)
20160707 2.36185158 1.21371583 -> 1.16849650 0.96274306 2 1 
20160708 2.34912713 1.19335508 -> 1.18063063 0.98933725 3 0 lack(43)
20160711 2.38011523 1.16849650 -> 1.19948461 1.02651964 0 0 lack(47)
20160712 2.38467489 1.18063063 -> 1.18519028 1.00386205 0 0 
20160713 2.38233099 1.19948461 -> 1.19714071 0.99804591 1 0 
20160714 2.35261060 1.18519028 -> 1.15546989 0.97492353 3 0 lack(31)
20160715 2.35175527 1.19714071 -> 1.19628538 0.99928552 3 0 lack(31)
20160718 2.37667348 1.15546989 -> 1.18038810 1.02156544 2 0 lack(37)
20160719 2.36124458 1.19628538 -> 1.18085648 0.98710266 4 0 lack(14)
20160720 2.33830903 1.18038810 -> 1.15745255 0.98056948 4 0 lack(22)
20160721 2.29821221 1.18085648 -> 1.14075966 0.96604429 5 2 lack(17)
20160722 2.31483078 1.15745255 -> 1.17407113 1.01435789 0 0 
20160725 2.26947495 1.14075966 -> 1.09540383 0.96024068 1 4 lack(25)
20160726 2.18911029 1.17407113 -> 1.09370646 0.93155043 1 1 lack(13)
20160727 2.17535697 1.09540383 -> 1.08165051 0.98744452 1 0 
20160728 2.14627825 1.09370646 -> 1.06462775 0.97341269 2 0 
20160729 2.15136018 1.08165051 -> 1.08673244 1.00469831 2 0 
20160801 2.19372447 1.06462775 -> 1.10699203 1.03979258 4 0 
20160802 2.22613738 1.08673244 -> 1.11914536 1.02982603 3 0 
20160803 2.22979503 1.10699203 -> 1.11064968 1.00330413 3 0 lack(32)
20160804 2.22707640 1.11914536 -> 1.11642672 0.99757079 3 0 
20160805 2.27526555 1.11064968 -> 1.15883883 1.04338826 2 0 
20160808 2.30431360 1.11642672 -> 1.14547477 1.02601877 1 0 lack(10)
20160809 2.28659315 1.15883883 -> 1.14111837 0.98470844 0 0 lack(25)
20160810 2.32359672 1.14547477 -> 1.18247835 1.03230414 0 0 lack(13)
20160811 2.38509947 1.14111837 -> 1.20262113 1.05389691 0 0 
20160812 2.44975505 1.18247835 -> 1.24713392 1.05467802 0 0 lack(40)
20160815 2.49189092 1.20262113 -> 1.24475700 1.03503670 3 0 lack(20)
20160816 2.51623213 1.24713392 -> 1.27147513 1.01951772 3 0 lack(31)
20160817 2.51794587 1.24475700 -> 1.24647073 1.00137676 4 0 lack(18)
20160818 2.49439181 1.27147513 -> 1.24792108 0.98147502 5 1 lack(20)
20160819 2.47759192 1.24647073 -> 1.22967084 0.98652203 5 0 lack(14)
20160822 2.52079978 1.24792108 -> 1.29112895 1.03462388 5 0 lack(18)
20160823 2.54847271 1.22967084 -> 1.25734376 1.02250433 5 0 lack(27)
20160824 2.54204223 1.29112895 -> 1.28469847 0.99501950 5 0 lack(14)
20160825 2.50763381 1.25734376 -> 1.22293534 0.97263404 1 1 lack(17)
20160826 2.52302911 1.28469847 -> 1.30009377 1.01198359 2 0 lack(17)
20160829 2.49954268 1.22293534 -> 1.19944891 0.98079504 4 1 lack(13)
20160830 2.48666111 1.30009377 -> 1.28721220 0.99009181 2 1 lack(13)
20160901 2.50597761 1.19944891 -> 1.21876541 1.01610448 0 0 lack(24)
20160902 2.51552741 1.28721220 -> 1.29676200 1.00741898 3 0 lack(17)
20160905 2.50733830 1.21876541 -> 1.21057630 0.99328082 2 0 lack(16)
20160906 2.51745441 1.29676200 -> 1.30687811 1.00780105 1 0 lack(12)
20160907 2.50758716 1.21057630 -> 1.20070905 0.99184912 0 1 lack(20)
20160908 2.46960672 1.30687811 -> 1.26889767 0.97093804 1 0 lack(22)
20160909 2.49611085 1.20070905 -> 1.22721318 1.02207373 1 0 lack(30)
20160912 2.50038606 1.26889767 -> 1.27317288 1.00336923 0 0 lack(18)
20160913 2.52885535 1.22721318 -> 1.25568247 1.02319833 0 0 lack(27)
20160914 2.55871680 1.27317288 -> 1.30303433 1.02345436 0 0 lack(18)
20160919 2.52271806 1.25568247 -> 1.21968372 0.97133133 0 1 lack(6)
20160920 2.55423209 1.30303433 -> 1.33454836 1.02418511 0 0 lack(11)
20160921 2.54920892 1.21968372 -> 1.21466056 0.99588159 0 0 lack(7)
20160922 2.48554248 1.33454836 -> 1.27088192 0.95229364 1 1 lack(6)
20160923 2.46081814 1.21466056 -> 1.18993622 0.97964506 2 1 lack(43)
20160926 2.49311855 1.27088192 -> 1.30318233 1.02541574 1 0 lack(13)
20160927 2.50648189 1.18993622 -> 1.20329956 1.01123030 0 0 lack(17)
20160928 2.53948549 1.30318233 -> 1.33618592 1.02532539 0 0 lack(14)
20160929 2.59712776 1.20329956 -> 1.26094184 1.04790351 0 0 lack(23)
20160930 2.66382894 1.33618592 -> 1.40288711 1.04991909 0 0 lack(34)
20161010 2.75997978 1.26094184 -> 1.35709268 1.07625319 0 0 lack(2)
20161011 2.76259361 1.40288711 -> 1.40550093 1.00186318 1 0 lack(7)
20161012 2.70856208 1.35709268 -> 1.30306115 0.96018582 3 0 lack(1)
20161013 2.63025394 1.40550093 -> 1.32719279 0.94428454 3 0 lack(2)
20161014 2.65604194 1.30306115 -> 1.32884914 1.01979032 1 0 lack(14)
20161017 2.75891944 1.32719279 -> 1.43007030 1.07751512 1 0 lack(4)
20161018 2.77419993 1.32884914 -> 1.34412963 1.01149904 2 0 lack(8)
20161019 2.78375586 1.43007030 -> 1.43962623 1.00668214 2 0 lack(16)
after 191 days:
final: 2.78375586064
