20160104 1.04198045 0.50000000 -> 0.54198045 1.08396089 0 0 
20160105 1.03139981 0.50000000 -> 0.48941937 0.97883873 0 6 lack(10)
20160106 1.00419052 0.54198045 -> 0.51477115 0.94979654 4 0 lack(13)
20160107 0.95835870 0.48941937 -> 0.44358755 0.90635471 1 18 lack(36)
20160108 0.94095086 0.51477115 -> 0.49736331 0.96618333 1 3 lack(43)
20160111 0.91451939 0.44358755 -> 0.41715608 0.94041432 0 5 lack(10)
20160112 0.91575748 0.49736331 -> 0.49860140 1.00248930 0 0 lack(33)
20160113 0.95944553 0.41715608 -> 0.46084413 1.10472831 0 0 
20160114 0.97751867 0.49860140 -> 0.51667453 1.03624767 0 0 
20160115 1.03028379 0.46084413 -> 0.51360926 1.11449668 0 0 
20160118 1.06226219 0.51667453 -> 0.54865293 1.06189272 0 0 
20160119 1.04551371 0.51360926 -> 0.49686078 0.96739062 2 0 lack(7)
20160120 1.04611474 0.54865293 -> 0.54925396 1.00109547 1 0 
20160121 1.06651493 0.49686078 -> 0.51726097 1.04105817 0 0 
20160122 1.02740854 0.54925396 -> 0.51014757 0.92880090 1 11 
20160125 0.99402255 0.51726097 -> 0.48387499 0.93545620 1 2 lack(8)
20160126 0.96584077 0.51014757 -> 0.48196579 0.94475759 1 10 lack(39)
20160127 0.97716001 0.48387499 -> 0.49519423 1.02339290 0 0 
20160128 0.99556614 0.48196579 -> 0.50037191 1.03818969 0 0 
20160129 1.00862843 0.49519423 -> 0.50825651 1.02637811 0 0 
20160201 1.04451287 0.50037191 -> 0.53625635 1.07171554 0 0 
20160202 1.08096680 0.50825651 -> 0.54471045 1.07172350 0 0 
20160203 1.09807223 0.53625635 -> 0.55336178 1.03189786 0 0 
20160204 1.09823381 0.54471045 -> 0.54487202 1.00029662 1 0 lack(44)
20160205 1.15976863 0.55336178 -> 0.61489661 1.11120180 0 0 
20160215 1.20791166 0.54487202 -> 0.59301505 1.08835657 0 0 
20160216 1.22970116 0.61489661 -> 0.63668611 1.03543605 1 0 lack(30)
20160217 1.22922919 0.59301505 -> 0.59254307 0.99920411 0 0 lack(4)
20160218 1.25751566 0.63668611 -> 0.66497259 1.04442766 0 0 
20160219 1.31469453 0.59254307 -> 0.64972194 1.09649739 0 0 lack(3)
20160222 1.30335365 0.66497259 -> 0.65363172 0.98294535 1 0 lack(1)
20160223 1.24589430 0.64972194 -> 0.59226258 0.91156316 1 0 lack(2)
20160224 1.18304843 0.65363172 -> 0.59078585 0.90385126 0 0 lack(12)
20160225 1.13502042 0.59226258 -> 0.54423457 0.91890757 0 5 lack(14)
20160226 1.11524783 0.59078585 -> 0.57101325 0.96653170 0 0 
20160229 1.15877690 0.54423457 -> 0.58776365 1.07998220 0 0 
20160301 1.19311426 0.57101325 -> 0.60535061 1.06013408 0 0 
20160302 1.17105154 0.58776365 -> 0.56570092 0.96246327 1 1 lack(7)
20160303 1.17019499 0.60535061 -> 0.60449407 0.99858504 0 0 lack(19)
20160304 1.19272826 0.56570092 -> 0.58823419 1.03983248 0 0 
20160307 1.19848408 0.60449407 -> 0.61024989 1.00952172 0 0 
20160308 1.18910831 0.58823419 -> 0.57885842 0.98406115 0 0 lack(25)
20160309 1.17410144 0.61024989 -> 0.59524302 0.97540865 0 0 lack(37)
20160310 1.21180041 0.57885842 -> 0.61655739 1.06512641 0 0 
20160311 1.22454406 0.59524302 -> 0.60798667 1.02140914 0 0 
20160314 1.20229057 0.61655739 -> 0.59430390 0.96390687 0 0 lack(4)
20160315 1.22506532 0.60798667 -> 0.63076142 1.03745929 0 0 
20160316 1.28337603 0.59430390 -> 0.65261461 1.09811597 0 0 
20160317 1.34475502 0.63076142 -> 0.69214041 1.09730937 0 0 
20160318 1.35729391 0.65261461 -> 0.66515350 1.01921331 0 0 
20160321 1.38531821 0.69214041 -> 0.72016472 1.04048934 4 0 lack(29)
20160322 1.39519047 0.66515350 -> 0.67502576 1.01484208 1 0 lack(36)
20160323 1.39391054 0.72016472 -> 0.71888479 0.99822272 1 0 lack(5)
20160324 1.40278105 0.67502576 -> 0.68389626 1.01314099 2 0 lack(10)
20160325 1.38229817 0.71888479 -> 0.69840191 0.97150743 0 0 
20160328 1.41178621 0.68389626 -> 0.71338430 1.04311771 0 0 lack(20)
20160329 1.44808696 0.69840191 -> 0.73470266 1.05197687 0 0 
20160330 1.45115813 0.71338430 -> 0.71645548 1.00430507 0 0 lack(11)
20160331 1.48023736 0.73470266 -> 0.76378188 1.03957958 0 0 
20160401 1.51946959 0.71645548 -> 0.75568771 1.05475879 0 0 
20160405 1.55349303 0.76378188 -> 0.79780533 1.04454602 0 0 lack(3)
20160406 1.51159967 0.75568771 -> 0.71379434 0.94456259 1 0 lack(3)
20160407 1.53670586 0.79780533 -> 0.82291152 1.03146908 0 0 
20160408 1.53507061 0.71379434 -> 0.71215908 0.99770907 0 0 lack(8)
20160412 1.57367250 0.82291152 -> 0.86151342 1.04690892 0 0 lack(12)
20160413 1.58356294 0.71215908 -> 0.72204953 1.01388797 2 0 lack(27)
20160414 1.55844766 0.86151342 -> 0.83639813 0.97084748 1 0 lack(12)
20160415 1.55967400 0.72204953 -> 0.72327587 1.00169841 1 0 lack(25)
20160418 1.53292175 0.83639813 -> 0.80964588 0.96801494 1 0 lack(4)
20160419 1.50415234 0.72327587 -> 0.69450646 0.96022346 0 0 lack(6)
20160420 1.51190187 0.80964588 -> 0.81739541 1.00957151 0 1 lack(49)
20160421 1.53240125 0.69450646 -> 0.71500583 1.02951646 0 0 lack(43)
20160422 1.54725767 0.81739541 -> 0.83225183 1.01817531 0 0 
20160425 1.56557509 0.71500583 -> 0.73332325 1.02561856 2 0 lack(44)
20160426 1.55981685 0.83225183 -> 0.82649360 0.99308114 2 0 lack(14)
20160427 1.55742030 0.73332325 -> 0.73092671 0.99673193 1 0 lack(33)
20160428 1.59151387 0.82649360 -> 0.86058717 1.04125085 0 0 
20160429 1.62225847 0.73092671 -> 0.76167130 1.04206249 0 0 
20160503 1.69349581 0.86058717 -> 0.93182451 1.08277760 0 0 lack(3)
20160504 1.66382673 0.76167130 -> 0.73200222 0.96104739 0 0 lack(10)
20160505 1.53538050 0.93182451 -> 0.80337828 0.86215620 0 1 lack(3)
20160506 1.50187079 0.73200222 -> 0.69849251 0.95422185 0 1 lack(29)
20160509 1.51000644 0.80337828 -> 0.81151393 1.01012680 0 0 lack(5)
20160510 1.48546858 0.69849251 -> 0.67395465 0.96487026 0 0 lack(2)
20160511 1.50266653 0.81151393 -> 0.82871188 1.02119243 0 0 lack(28)
20160512 1.51879174 0.67395465 -> 0.69007986 1.02392625 0 0 
20160513 1.55073303 0.82871188 -> 0.86065317 1.03854329 0 0 
20160516 1.54133599 0.69007986 -> 0.68068282 0.98638269 0 0 lack(5)
20160517 1.52319259 0.86065317 -> 0.84250977 0.97891904 0 0 lack(11)
20160518 1.54713074 0.68068282 -> 0.70462097 1.03516784 0 0 
20160519 1.60112119 0.84250977 -> 0.89650022 1.06408288 0 0 
20160520 1.61056325 0.70462097 -> 0.71406303 1.01340020 0 0 lack(41)
20160523 1.60370091 0.89650022 -> 0.88963788 0.99234541 0 0 lack(21)
20160524 1.60211586 0.71406303 -> 0.71247798 0.99778023 0 0 lack(21)
20160525 1.60947771 0.88963788 -> 0.89699973 1.00827510 0 0 
20160526 1.63629430 0.71247798 -> 0.73929457 1.03763849 0 0 lack(1)
20160527 1.68868307 0.89699973 -> 0.94938850 1.05840444 0 0 
20160530 1.74232860 0.73929457 -> 0.79294011 1.07256314 0 0 
20160531 1.78097005 0.94938850 -> 0.98802995 1.04070141 0 0 lack(21)
20160601 1.81350458 0.79294011 -> 0.82547464 1.04103025 0 0 lack(29)
20160602 1.82523253 0.98802995 -> 0.99975789 1.01187003 0 0 lack(16)
20160603 1.83164435 0.82547464 -> 0.83188646 1.00776744 0 0 
20160606 1.78784109 0.99975789 -> 0.95595463 0.95618613 2 0 lack(1)
20160607 1.78784109 0.83188646 -> 0.83188646 1.00000000 1 0 lack(0)
20160608 1.74699895 0.95595463 -> 0.91511249 0.95727607 1 0 lack(9)
20160613 1.79758770 0.83188646 -> 0.88247521 1.06081208 1 0 
20160614 1.85811167 0.91511249 -> 0.97563646 1.06613829 0 0 
20160615 1.91848883 0.88247521 -> 0.94285236 1.06841796 1 0 lack(3)
20160616 1.95323546 0.97563646 -> 1.01038310 1.03561433 1 0 
20160617 1.93978499 0.94285236 -> 0.92940189 0.98573428 2 0 lack(23)
20160620 2.00670602 1.01038310 -> 1.07730413 1.06623332 0 0 lack(2)
20160621 2.05608998 0.92940189 -> 0.97878585 1.05313521 3 0 lack(10)
20160622 2.03021403 1.07730413 -> 1.05142817 0.97598083 2 0 lack(6)
20160623 2.06566918 0.97878585 -> 1.01424101 1.03622361 3 0 lack(37)
20160624 2.13631735 1.05142817 -> 1.12207634 1.06719258 0 0 
20160627 2.17255218 1.01424101 -> 1.05047584 1.03572605 2 0 lack(23)
20160628 2.19296703 1.12207634 -> 1.14249120 1.01819382 2 0 lack(3)
20160629 2.19079172 1.05047584 -> 1.04830053 0.99792922 2 0 lack(13)
20160630 2.22319622 1.14249120 -> 1.17489569 1.02836301 2 0 lack(11)
20160701 2.25774833 1.04830053 -> 1.08285264 1.03296012 0 0 
20160704 2.22331370 1.17489569 -> 1.14046105 0.97069133 4 0 lack(2)
20160705 2.25159800 1.08285264 -> 1.11113695 1.02612018 2 0 lack(16)
20160706 2.24358690 1.14046105 -> 1.13244995 0.99297556 5 0 lack(8)
20160707 2.20271047 1.11113695 -> 1.07026052 0.96321207 4 0 lack(13)
20160708 2.20944783 1.13244995 -> 1.13918730 1.00594936 0 0 
20160711 2.25636943 1.07026052 -> 1.11718213 1.04384129 0 0 lack(14)
20160712 2.31196071 1.13918730 -> 1.19477858 1.04879907 0 0 lack(17)
20160713 2.34902989 1.11718213 -> 1.15425131 1.03318096 1 0 lack(11)
20160714 2.33628546 1.19477858 -> 1.18203415 0.98933323 2 0 lack(13)
20160715 2.34255823 1.15425131 -> 1.16052408 1.00543450 0 0 
20160718 2.37106398 1.18203415 -> 1.21053990 1.02411584 2 0 lack(4)
20160719 2.36249903 1.16052408 -> 1.15195913 0.99261976 2 0 lack(5)
20160720 2.32202145 1.21053990 -> 1.17006232 0.96656238 2 0 lack(4)
20160721 2.30948267 1.15195913 -> 1.13942036 0.98911526 4 0 lack(13)
20160722 2.32971698 1.17006232 -> 1.19029662 1.01729336 0 0 
20160725 2.24821650 1.13942036 -> 1.05791987 0.92847198 0 1 lack(4)
20160726 2.28948545 1.19029662 -> 1.23156558 1.03467115 1 0 lack(1)
20160727 2.28094227 1.05791987 -> 1.04937669 0.99192455 1 0 
20160728 2.26599209 1.23156558 -> 1.21661540 0.98786084 2 0 lack(29)
20160729 2.26922132 1.04937669 -> 1.05260592 1.00307728 0 0 
20160801 2.30885600 1.21661540 -> 1.25625008 1.03257782 2 0 
20160802 2.34344852 1.05260592 -> 1.08719844 1.03286370 1 0 lack(11)
20160803 2.35831207 1.25625008 -> 1.27111362 1.01183168 2 0 lack(15)
20160804 2.37220581 1.08719844 -> 1.10109218 1.01277939 2 0 lack(20)
20160805 2.41253951 1.27111362 -> 1.31144733 1.03173100 0 0 
20160808 2.45230203 1.10109218 -> 1.14085470 1.03611189 0 0 lack(4)
20160809 2.42914547 1.31144733 -> 1.28829077 0.98234274 0 0 lack(4)
20160810 2.46922978 1.14085470 -> 1.18093901 1.03513533 0 0 lack(6)
20160811 2.52517915 1.28829077 -> 1.34424014 1.04342915 0 0 
20160812 2.57334282 1.18093901 -> 1.22910268 1.04078422 0 0 
20160815 2.56812465 1.34424014 -> 1.33902197 0.99611812 1 0 lack(3)
20160816 2.61537964 1.22910268 -> 1.27635767 1.03844674 1 0 lack(18)
20160817 2.65786209 1.33902197 -> 1.38150442 1.03172647 3 0 lack(10)
20160818 2.63561445 1.27635767 -> 1.25411004 0.98256944 4 0 lack(10)
20160819 2.62468849 1.38150442 -> 1.37057845 0.99209126 0 0 
20160822 2.65398497 1.25411004 -> 1.28340652 1.02336038 3 0 lack(8)
20160823 2.67500484 1.37057845 -> 1.39159832 1.01533649 3 0 lack(8)
20160824 2.68125183 1.28340652 -> 1.28965351 1.00486751 3 0 lack(10)
20160825 2.70631001 1.39159832 -> 1.41665650 1.01800676 0 0 lack(8)
20160826 2.71010491 1.28965351 -> 1.29344841 1.00294257 0 0 
20160829 2.77351400 1.41665650 -> 1.48006559 1.04475968 1 0 lack(2)
20160830 2.76432203 1.29344841 -> 1.28425644 0.99289344 0 0 lack(3)
20160901 2.78080727 1.48006559 -> 1.49655083 1.01113818 0 0 lack(5)
20160902 2.79161715 1.28425644 -> 1.29506632 1.00841723 2 0 lack(3)
20160905 2.79137413 1.49655083 -> 1.49630781 0.99983761 0 0 lack(3)
20160906 2.77623347 1.29506632 -> 1.27992566 0.98830897 0 0 lack(2)
20160907 2.77864593 1.49630781 -> 1.49872027 1.00161228 0 0 lack(5)
20160908 2.76260605 1.27992566 -> 1.26388578 0.98746811 1 0 lack(5)
20160909 2.74878272 1.49872027 -> 1.48489694 0.99077658 0 0 
20160912 2.77411473 1.26388578 -> 1.28921779 1.02004296 0 0 lack(6)
20160913 2.80907633 1.48489694 -> 1.51985855 1.02354480 0 0 lack(6)
20160914 2.79792216 1.28921779 -> 1.27806361 0.99134811 0 0 lack(10)
20160919 2.93534619 1.51985855 -> 1.65728258 1.09041896 0 0 lack(3)
20160920 2.93725727 1.27806361 -> 1.27997469 1.00149529 0 0 lack(1)
20160922 2.93725727 1.65728258 -> 1.65728258 1.00000000 1 0 lack(0)
20160923 2.91722563 1.27997469 -> 1.25994306 0.98434997 0 0 
20160926 2.87439606 1.65728258 -> 1.61445300 0.97415675 1 0 lack(3)
20160927 2.90096114 1.25994306 -> 1.28650813 1.02108435 0 0 lack(11)
20160928 2.95007000 1.61445300 -> 1.66356187 1.03041827 0 0 lack(6)
20160929 3.00703372 1.28650813 -> 1.34347185 1.04427778 0 0 
20160930 3.05987086 1.66356187 -> 1.71639901 1.03176145 0 0 
20161010 3.09338290 1.34347185 -> 1.37698389 1.02494436 0 0 lack(3)
20161011 3.15293481 1.71639901 -> 1.77595091 1.03469584 0 0 lack(4)
20161012 3.29983749 1.37698389 -> 1.52388657 1.10668438 1 0 lack(1)
20161013 3.24886473 1.77595091 -> 1.72497815 0.97129833 2 0 lack(2)
20161014 3.20438094 1.52388657 -> 1.47940279 0.97080899 1 0 lack(2)
20161017 3.38856707 1.72497815 -> 1.90916428 1.10677592 1 0 lack(1)
20161018 3.48680124 1.47940279 -> 1.57763696 1.06640123 1 0 lack(1)
20161019 3.50611014 1.90916428 -> 1.92847318 1.01011379 2 0 lack(6)
after 189 days:
final: 3.50611013592
