20160104 1.04064594 0.50000000 -> 0.54064594 1.08129188 0 0 
20160105 1.00564001 0.50000000 -> 0.46499406 0.92998813 3 39 
20160106 0.96328852 0.54064594 -> 0.49829445 0.92166502 3 0 
20160107 0.92695943 0.46499406 -> 0.42866497 0.92187193 7 20 
20160108 0.91060284 0.49829445 -> 0.48193787 0.96717486 2 6 
20160111 0.89083211 0.42866497 -> 0.40889424 0.95387835 4 10 
20160112 0.88963070 0.48193787 -> 0.48073646 0.99750714 1 2 
20160113 0.92315369 0.40889424 -> 0.44241723 1.08198451 0 1 
20160114 0.93092425 0.48073646 -> 0.48850702 1.01616387 1 0 
20160115 0.99134392 0.44241723 -> 0.50283690 1.13656717 0 0 
20160118 1.02673930 0.48850702 -> 0.52390240 1.07245624 1 0 
20160119 1.00143858 0.50283690 -> 0.47753618 0.94968405 4 7 
20160120 0.97473804 0.52390240 -> 0.49720186 0.94903527 4 19 
20160121 0.99836255 0.47753618 -> 0.50116069 1.04947167 0 2 
20160122 0.95341097 0.49720186 -> 0.45225028 0.90959088 1 36 
20160125 0.91736467 0.50116069 -> 0.46511439 0.92807437 1 7 
20160126 0.89232516 0.45225028 -> 0.42721077 0.94463352 2 18 
20160127 0.89936629 0.46511439 -> 0.47215552 1.01513849 1 0 
20160128 0.91810169 0.42721077 -> 0.44594617 1.04385517 0 0 
20160129 0.93784599 0.47215552 -> 0.49189982 1.04181736 0 0 
20160201 0.97358887 0.44594617 -> 0.48168905 1.08015067 0 0 
20160202 1.01194091 0.49189982 -> 0.53025186 1.07796718 0 0 
20160203 1.02695027 0.48168905 -> 0.49669841 1.03115984 0 0 
20160204 1.02333173 0.53025186 -> 0.52663333 0.99317582 2 0 
20160205 1.07477569 0.49669841 -> 0.54814236 1.10357181 0 0 
20160215 1.12612138 0.52663333 -> 0.57797902 1.09749800 0 0 
20160216 1.15747735 0.54814236 -> 0.57949833 1.05720407 2 0 
20160217 1.16063849 0.57797902 -> 0.58114015 1.00546929 4 0 
20160218 1.19748839 0.57949833 -> 0.61634824 1.06358932 6 0 
20160219 1.20602350 0.58114015 -> 0.58967527 1.01468684 5 1 
20160222 1.20698885 0.61634824 -> 0.61731358 1.00156623 3 0 
20160223 1.15235082 0.58967527 -> 0.53503724 0.90734217 5 30 
20160224 1.10055738 0.61731358 -> 0.56552014 0.91609866 6 6 
20160225 1.05936806 0.53503724 -> 0.49384792 0.92301597 0 20 
20160226 1.04424981 0.56552014 -> 0.55040189 0.97326664 0 0 
20160229 1.08743099 0.49384792 -> 0.53702910 1.08743823 0 0 
20160301 1.12720309 0.55040189 -> 0.59017398 1.07226009 0 2 
20160302 1.10223369 0.53702910 -> 0.51205971 0.95350458 3 3 
20160303 1.09429748 0.59017398 -> 0.58223777 0.98655276 2 0 
20160304 1.11679294 0.51205971 -> 0.53455516 1.04393131 0 0 
20160307 1.11219776 0.58223777 -> 0.57764260 0.99210773 0 2 
20160308 1.11063788 0.53455516 -> 0.53299528 0.99708191 0 0 
20160309 1.08967545 0.57764260 -> 0.55668017 0.96371038 0 6 
20160310 1.13764642 0.53299528 -> 0.58096625 1.09000261 0 0 
20160311 1.14933723 0.55668017 -> 0.56837098 1.02100094 0 0 
20160314 1.13447493 0.58096625 -> 0.56610396 0.97441798 1 1 
20160315 1.14791592 0.56837098 -> 0.58181196 1.02364826 0 0 
20160316 1.21840918 0.56610396 -> 0.63659722 1.12452353 0 0 
20160317 1.27684068 0.58181196 -> 0.64024346 1.10043022 0 0 
20160318 1.29884010 0.63659722 -> 0.65859663 1.03455782 5 0 
20160321 1.31605778 0.64024346 -> 0.65746115 1.02689240 1 0 
20160322 1.31016577 0.65859663 -> 0.65270462 0.99105368 3 0 
20160323 1.30885868 0.65746115 -> 0.65615406 0.99801192 6 0 
20160324 1.30983682 0.65270462 -> 0.65368276 1.00149859 6 0 
20160325 1.28509446 0.65615406 -> 0.63141170 0.96229184 2 0 
20160328 1.30703127 0.65368276 -> 0.67561957 1.03355881 2 1 
20160329 1.33488068 0.63141170 -> 0.65926111 1.04410657 1 0 
20160330 1.32964282 0.67561957 -> 0.67038172 0.99224733 2 0 
20160331 1.35450798 0.65926111 -> 0.68412627 1.03771671 0 0 
20160401 1.39043835 0.67038172 -> 0.70631209 1.05359688 0 0 
20160405 1.39528696 0.68412627 -> 0.68897487 1.00708730 3 0 
20160406 1.36895296 0.70631209 -> 0.67997808 0.96271619 4 0 
20160407 1.38547853 0.68897487 -> 0.70550044 1.02398574 1 0 
20160408 1.38368629 0.67997808 -> 0.67818584 0.99736427 4 2 
20160411 1.39038703 0.70550044 -> 0.71220119 1.00949786 7 0 
20160412 1.40777775 0.67818584 -> 0.69557656 1.02564299 4 0 
20160413 1.42025452 0.71220119 -> 0.72467796 1.01751861 4 0 
20160414 1.40441569 0.69557656 -> 0.67973773 0.97722921 5 4 
20160415 1.40823358 0.72467796 -> 0.72849585 1.00526840 6 0 
20160418 1.37634960 0.67973773 -> 0.64785375 0.95309370 3 3 
20160419 1.32847704 0.72849585 -> 0.68062329 0.93428575 4 0 
20160420 1.32915693 0.64785375 -> 0.64853364 1.00104945 4 1 
20160421 1.34711974 0.68062329 -> 0.69858611 1.02639171 3 0 
20160422 1.36461773 0.64853364 -> 0.66603162 1.02698085 3 0 
20160425 1.38150100 0.69858611 -> 0.71546938 1.02416777 1 0 
20160426 1.37523509 0.66603162 -> 0.65976571 0.99059217 4 0 
20160427 1.37582810 0.71546938 -> 0.71606239 1.00082885 2 0 
20160428 1.40276701 0.65976571 -> 0.68670462 1.04083103 0 0 
20160429 1.44124305 0.71606239 -> 0.75453843 1.05373280 0 0 
20160503 1.46094155 0.68670462 -> 0.70640312 1.02868555 3 0 
20160504 1.42564262 0.75453843 -> 0.71923950 0.95321785 3 2 
20160505 1.35214718 0.70640312 -> 0.63290767 0.89595821 4 6 
20160506 1.32924801 0.71923950 -> 0.69634034 0.96816198 1 1 
20160509 1.32308668 0.63290767 -> 0.62674634 0.99026504 1 4 
20160510 1.31720116 0.69634034 -> 0.69045482 0.99154793 0 2 
20160511 1.33517498 0.62674634 -> 0.64472015 1.02867797 1 3 
20160512 1.36628198 0.69045482 -> 0.72156183 1.04505292 0 0 
20160513 1.38621304 0.64472015 -> 0.66465121 1.03091428 1 0 
20160516 1.34638013 0.72156183 -> 0.68172892 0.94479626 0 4 
20160517 1.34245103 0.66465121 -> 0.66072211 0.99408848 2 1 
20160518 1.37050257 0.68172892 -> 0.70978046 1.04114765 2 0 
20160519 1.41866825 0.66072211 -> 0.70888779 1.07289855 0 0 
20160520 1.42999657 0.70978046 -> 0.72110878 1.01596031 0 0 
20160523 1.42450982 0.70888779 -> 0.70340104 0.99226006 0 0 
20160524 1.42304058 0.72110878 -> 0.71963954 0.99796253 0 0 
20160525 1.42862494 0.70340104 -> 0.70898541 1.00793909 1 1 
20160526 1.42273145 0.71963954 -> 0.71374604 0.99181049 1 0 
20160527 1.47674440 0.70898541 -> 0.76299835 1.07618344 0 0 
20160530 1.53267899 0.71374604 -> 0.76968063 1.07836763 0 0 
20160531 1.56221710 0.76299835 -> 0.79253646 1.03871320 4 0 
20160601 1.59056862 0.76968063 -> 0.79803216 1.03683544 3 0 
20160602 1.59228116 0.79253646 -> 0.79424900 1.00216083 2 0 
20160603 1.62833650 0.79803216 -> 0.83408750 1.04518031 2 0 
20160606 1.61992113 0.79424900 -> 0.78583363 0.98940462 1 2 
20160607 1.56733533 0.83408750 -> 0.78150169 0.93695409 1 10 
20160608 1.53905976 0.78583363 -> 0.75755806 0.96401838 1 0 
20160613 1.59527336 0.78150169 -> 0.83771530 1.07193024 0 0 
20160614 1.64729709 0.75755806 -> 0.80958179 1.06867292 1 0 
20160615 1.66351130 0.83771530 -> 0.85392951 1.01935527 3 0 
20160616 1.69646838 0.80958179 -> 0.84253886 1.04070877 1 0 
20160617 1.69617750 0.85392951 -> 0.85363864 0.99965937 2 1 
20160620 1.70087095 0.84253886 -> 0.84723231 1.00557059 1 0 
20160621 1.71538921 0.85363864 -> 0.86815690 1.01700750 1 1 
20160622 1.70074454 0.84723231 -> 0.83258764 0.98271470 4 0 
20160623 1.74644003 0.86815690 -> 0.91385239 1.05263506 4 0 
20160624 1.81423835 0.83258764 -> 0.90038596 1.08143085 0 0 
20160627 1.84225091 0.91385239 -> 0.94186495 1.03065326 5 0 
20160628 1.84849513 0.90038596 -> 0.90663019 1.00693505 6 1 
20160629 1.84410699 0.94186495 -> 0.93747680 0.99534101 6 0 
20160630 1.87848383 0.90663019 -> 0.94100703 1.03791716 4 0 
20160701 1.92513317 0.93747680 -> 0.98412614 1.04976053 0 0 
20160704 1.93518103 0.94100703 -> 0.95105489 1.01067777 5 0 
20160705 1.94677496 0.98412614 -> 0.99572007 1.01178094 1 0 
20160706 1.94624070 0.95105489 -> 0.95052063 0.99943825 4 0 
20160707 1.92871038 0.99572007 -> 0.97818975 0.98239432 1 0 
20160708 1.92761153 0.95052063 -> 0.94942178 0.99884395 1 0 
20160711 1.95203373 0.97818975 -> 1.00261195 1.02496673 2 10 
20160712 1.96230128 0.94942178 -> 0.95968934 1.01081453 4 0 
20160713 1.94736860 1.00261195 -> 0.98767926 0.98510622 3 8 
20160714 1.93614530 0.95968934 -> 0.94846604 0.98830529 3 1 
20160715 1.93730296 0.98767926 -> 0.98883691 1.00117209 3 1 
20160718 1.94685320 0.94846604 -> 0.95801629 1.01006915 8 2 
20160719 1.94436014 0.98883691 -> 0.98634386 0.99747880 11 0 
20160720 1.93627400 0.95801629 -> 0.94993015 0.99155950 5 0 
20160721 1.93205250 0.98634386 -> 0.98212235 0.99572005 0 0 
20160722 1.94539915 0.94993015 -> 0.96327680 1.01405014 2 1 
20160725 1.90254761 0.98212235 -> 0.93927081 0.95636843 4 5 
20160726 1.84589924 0.96327680 -> 0.90662843 0.94119201 3 4 
20160727 1.84100347 0.93927081 -> 0.93437504 0.99478769 2 0 
20160728 1.81894278 0.90662843 -> 0.88456774 0.97566732 1 1 
20160729 1.81984407 0.93437504 -> 0.93527633 1.00096459 0 0 
20160801 1.85806977 0.88456774 -> 0.92279344 1.04321399 0 0 
20160802 1.88237039 0.93527633 -> 0.95957695 1.02598229 0 0 
20160803 1.89482051 0.92279344 -> 0.93524356 1.01349177 4 0 
20160804 1.89350269 0.95957695 -> 0.95825913 0.99862667 4 0 
20160805 1.93554376 0.93524356 -> 0.97728463 1.04495200 0 0 
20160808 1.96342987 0.95825913 -> 0.98614524 1.02910080 1 0 
20160809 1.95091785 0.97728463 -> 0.96477261 0.98719716 1 0 
20160810 1.94814615 0.98614524 -> 0.98337353 0.99718935 1 0 
20160811 1.99596289 0.96477261 -> 1.01258936 1.04956271 0 0 
20160812 2.02473862 0.98337353 -> 1.01214926 1.02926226 1 0 
20160815 2.04778909 1.01258936 -> 1.03563983 1.02276389 3 0 
20160816 2.05893187 1.01214926 -> 1.02329204 1.01100902 5 0 
20160817 2.06565316 1.03563983 -> 1.04236112 1.00648999 4 0 
20160818 2.03884145 1.02329204 -> 0.99648034 0.97379858 6 3 
20160819 2.02640766 1.04236112 -> 1.02992732 0.98807151 4 0 
20160822 2.03845261 0.99648034 -> 1.00852529 1.01208749 6 0 
20160823 2.03957945 1.02992732 -> 1.03105417 1.00109410 8 0 
20160824 2.04245054 1.00852529 -> 1.01139637 1.00284681 8 1 
20160825 2.03608901 1.03105417 -> 1.02469264 0.99383008 1 1 
20160826 2.02921081 1.01139637 -> 1.00451816 0.99319930 2 0 
20160829 2.03130455 1.02469264 -> 1.02678639 1.00204329 4 0 
20160830 2.02583980 1.00451816 -> 0.99905341 0.99455982 6 0 
20160901 2.03499504 1.02678639 -> 1.03594163 1.00891640 1 0 
20160902 2.05762294 0.99905341 -> 1.02168131 1.02264934 4 0 
20160905 2.09334339 1.03594163 -> 1.07166208 1.03448114 6 0 
20160906 2.09524810 1.02168131 -> 1.02358602 1.00186429 2 0 
20160907 2.09209038 1.07166208 -> 1.06850437 0.99705344 3 2 
20160908 2.06146563 1.02358602 -> 0.99296126 0.97008091 1 0 
20160909 2.06288294 1.06850437 -> 1.06992168 1.00132644 2 0 
20160912 2.05587643 0.99296126 -> 0.98595475 0.99294383 3 0 
20160913 2.07021325 1.06992168 -> 1.08425850 1.01339987 4 0 
20160914 2.08230086 0.98595475 -> 0.99804236 1.01225980 2 0 
20160919 2.07896243 1.08425850 -> 1.08092007 0.99692101 3 0 
20160920 2.09013070 0.99804236 -> 1.00921063 1.01119017 3 0 
20160921 2.08969225 1.08092007 -> 1.08048163 0.99959438 3 2 
20160922 2.05812480 1.00921063 -> 0.97764317 0.96872065 3 1 
20160923 2.03568434 1.08048163 -> 1.05804116 0.97923106 3 0 
20160926 2.03418406 0.97764317 -> 0.97614290 0.99846542 4 0 
20160927 2.03356148 1.05804116 -> 1.05741858 0.99941157 1 0 
20160928 2.03591498 0.97614290 -> 0.97849639 1.00241101 2 0 
20160929 2.08275082 1.05741858 -> 1.10425443 1.04429262 4 0 
20160930 2.13320631 0.97849639 -> 1.02895189 1.05156431 5 0 
20161010 2.17565463 1.10425443 -> 1.14670274 1.03844070 2 0 
20161011 2.18737407 1.02895189 -> 1.04067133 1.01138969 9 0 
20161012 2.18466499 1.14670274 -> 1.14399366 0.99763751 7 0 
20161013 2.17170884 1.04067133 -> 1.02771518 0.98755020 4 0 
20161014 2.19103598 1.14399366 -> 1.16332080 1.01689444 2 0 
20161017 2.22099812 1.02771518 -> 1.05767732 1.02915413 3 0 
20161018 2.22263911 1.16332080 -> 1.16496179 1.00141060 2 0 
20161019 2.22632212 1.05767732 -> 1.06136034 1.00348217 2 0 
after 191 days:
final: 2.2263221215
