20160104 1.03920675 0.50000000 -> 0.53920675 1.07841350 0 0 
20160105 1.00453020 0.50000000 -> 0.46532345 0.93064690 3 35 
20160106 0.96992225 0.53920675 -> 0.50459880 0.93581693 3 0 
20160107 0.94778629 0.46532345 -> 0.44318748 0.95242886 3 20 
20160108 0.93555656 0.50459880 -> 0.49236908 0.97576347 0 0 
20160111 0.92100556 0.44318748 -> 0.42863648 0.96716738 0 3 
20160112 0.91892608 0.49236908 -> 0.49028960 0.99577659 0 0 
20160113 0.94766146 0.42863648 -> 0.45737186 1.06703904 0 0 
20160114 0.96176729 0.49028960 -> 0.50439543 1.02877039 0 0 
20160115 1.01353365 0.45737186 -> 0.50913822 1.11318221 0 0 
20160118 1.03913308 0.50439543 -> 0.52999486 1.05075270 0 0 
20160119 1.01615253 0.50913822 -> 0.48615767 0.95486384 1 6 
20160120 1.01121995 0.52999486 -> 0.52506228 0.99069315 0 0 
20160121 1.03013158 0.48615767 -> 0.50506930 1.03890020 0 0 
20160122 1.00193974 0.52506228 -> 0.49687043 0.94630762 0 14 
20160125 0.97190919 0.50506930 -> 0.47503875 0.94054172 1 7 
20160126 0.94488427 0.49687043 -> 0.46984551 0.94560972 0 11 
20160127 0.94595789 0.47503875 -> 0.47611237 1.00226007 0 0 
20160128 0.97087676 0.46984551 -> 0.49476439 1.05303632 0 1 
20160129 0.98403040 0.47611237 -> 0.48926601 1.02762716 0 0 
20160201 1.01172278 0.49476439 -> 0.52245678 1.05597086 0 0 
20160202 1.04089787 0.48926601 -> 0.51844109 1.05963031 0 0 
20160203 1.05240271 0.52245678 -> 0.53396162 1.02202066 0 0 
20160204 1.04728860 0.51844109 -> 0.51332697 0.99013559 2 0 
20160205 1.10510508 0.53396162 -> 0.59177811 1.10827836 0 0 
20160215 1.14306490 0.51332697 -> 0.55128679 1.07394860 0 0 
20160216 1.16659667 0.59177811 -> 0.61530988 1.03976452 2 0 
20160217 1.16405239 0.55128679 -> 0.54874251 0.99538484 2 0 
20160218 1.19345646 0.61530988 -> 0.64471395 1.04778742 0 0 
20160219 1.19672445 0.54874251 -> 0.55201050 1.00595541 0 0 
20160222 1.20223462 0.64471395 -> 0.65022412 1.00854669 0 0 
20160223 1.15264372 0.55201050 -> 0.50241960 0.91016313 0 30 
20160224 1.09961442 0.65022412 -> 0.59719482 0.91844458 0 0 
20160225 1.07930996 0.50241960 -> 0.48211514 0.95958665 1 13 
20160226 1.06763632 0.59719482 -> 0.58552119 0.98045255 0 0 
20160229 1.10838686 0.48211514 -> 0.52286567 1.08452449 0 0 
20160301 1.14322123 0.58552119 -> 0.62035556 1.05949294 0 0 
20160302 1.13217966 0.52286567 -> 0.51182410 0.97888259 1 0 
20160303 1.13795510 0.62035556 -> 0.62613099 1.00930987 1 0 
20160304 1.16017308 0.51182410 -> 0.53404208 1.04340940 0 0 
20160307 1.16980266 0.62613099 -> 0.63576058 1.01537950 1 0 
20160308 1.16603600 0.53404208 -> 0.53027542 0.99294689 0 0 
20160309 1.15154113 0.63576058 -> 0.62126571 0.97720075 0 0 
20160310 1.18959764 0.53027542 -> 0.56833193 1.07176743 0 0 
20160311 1.20583026 0.62126571 -> 0.63749834 1.02612831 0 0 
20160314 1.19435021 0.56833193 -> 0.55685187 0.97980044 0 0 
20160315 1.21518789 0.63749834 -> 0.65833601 1.03268664 1 0 
20160316 1.26832140 0.55685187 -> 0.60998539 1.09541768 0 0 
20160317 1.33000849 0.65833601 -> 0.72002310 1.09370153 0 0 
20160318 1.34072939 0.60998539 -> 0.62070628 1.01757566 0 0 
20160321 1.36662675 0.72002310 -> 0.74592047 1.03596741 0 0 
20160322 1.38115362 0.62070628 -> 0.63523315 1.02340376 0 0 
20160323 1.38422675 0.74592047 -> 0.74899360 1.00411992 0 0 
20160324 1.39541888 0.63523315 -> 0.64642528 1.01761894 0 0 
20160325 1.37122536 0.74899360 -> 0.72480008 0.96769863 0 0 
20160328 1.39127652 0.64642528 -> 0.66647644 1.03101853 0 0 
20160329 1.43039598 0.72480008 -> 0.76391954 1.05397276 0 0 
20160330 1.42889910 0.66647644 -> 0.66497956 0.99775404 0 1 
20160331 1.46245916 0.76391954 -> 0.79747961 1.04393141 0 0 
20160401 1.50487059 0.66497956 -> 0.70739099 1.06377855 0 0 
20160405 1.50364576 0.79747961 -> 0.79625477 0.99846412 1 0 
20160406 1.47913514 0.70739099 -> 0.68288036 0.96535067 0 0 
20160407 1.49980924 0.79625477 -> 0.81692887 1.02596418 0 0 
20160408 1.51423385 0.68288036 -> 0.69730498 1.02112319 0 0 
20160411 1.52990382 0.81692887 -> 0.83259884 1.01918155 1 0 
20160412 1.55426325 0.69730498 -> 0.72166441 1.03493369 0 0 
20160413 1.57020890 0.83259884 -> 0.84854449 1.01915166 1 0 
20160414 1.57121048 0.72166441 -> 0.72266599 1.00138787 1 0 
20160415 1.57195158 0.84854449 -> 0.84928559 1.00087339 1 0 
20160418 1.53387670 0.72266599 -> 0.68459111 0.94731331 0 0 
20160419 1.47584555 0.84928559 -> 0.79125444 0.93167063 0 0 
20160420 1.48501984 0.68459111 -> 0.69376540 1.01340112 0 0 
20160421 1.50230087 0.79125444 -> 0.80853547 1.02184003 0 0 
20160422 1.51262719 0.69376540 -> 0.70409172 1.01488446 1 0 
20160425 1.53240135 0.80853547 -> 0.82830963 1.02445676 1 0 
20160426 1.53010570 0.70409172 -> 0.70179607 0.99673956 1 0 
20160427 1.53022156 0.82830963 -> 0.82842549 1.00013987 1 0 
20160428 1.55625274 0.70179607 -> 0.72782725 1.03709222 0 0 
20160429 1.59011008 0.82842549 -> 0.86228283 1.04086951 0 0 
20160503 1.60817370 0.72782725 -> 0.74589087 1.02481856 0 0 
20160504 1.57539131 0.86228283 -> 0.82950044 0.96198186 0 0 
20160505 1.49555258 0.74589087 -> 0.66605214 0.89296191 0 5 
20160506 1.45693850 0.82950044 -> 0.79088636 0.95344900 0 0 
20160509 1.45018034 0.66605214 -> 0.65929397 0.98985340 0 1 
20160510 1.43609364 0.79088636 -> 0.77679967 0.98218872 0 0 
20160511 1.44222197 0.65929397 -> 0.66542231 1.00929530 0 0 
20160512 1.46982402 0.77679967 -> 0.80440171 1.03553303 0 0 
20160513 1.49481805 0.66542231 -> 0.69041633 1.03756115 0 0 
20160516 1.46656232 0.80440171 -> 0.77614599 0.96487362 0 0 
20160517 1.45570495 0.69041633 -> 0.67955896 0.98427417 0 1 
20160518 1.48375511 0.77614599 -> 0.80419615 1.03614031 0 0 
20160519 1.51853385 0.67955896 -> 0.71433771 1.05117841 0 0 
20160520 1.53256580 0.80419615 -> 0.81822809 1.01744841 0 0 
20160523 1.52273031 0.71433771 -> 0.70450222 0.98623132 0 0 
20160524 1.52668664 0.81822809 -> 0.82218442 1.00483524 1 0 
20160525 1.53407679 0.70450222 -> 0.71189237 1.01048990 0 0 
20160526 1.53240845 0.82218442 -> 0.82051608 0.99797084 0 0 
20160527 1.57231036 0.71189237 -> 0.75179428 1.05605048 0 0 
20160530 1.62658646 0.82051608 -> 0.87479218 1.06614874 0 0 
20160531 1.65557382 0.75179428 -> 0.78078164 1.03855756 0 0 
20160601 1.67880013 0.87479218 -> 0.89801849 1.02655066 0 0 
20160602 1.68890411 0.78078164 -> 0.79088562 1.01294086 0 0 
20160603 1.69454541 0.89801849 -> 0.90365978 1.00628194 0 0 
20160606 1.70202137 0.79088562 -> 0.79836159 1.00945265 1 2 
20160607 1.64176533 0.90365978 -> 0.84340374 0.93331998 1 6 
20160608 1.61536506 0.79836159 -> 0.77196133 0.96693195 1 0 
20160613 1.66322703 0.84340374 -> 0.89126570 1.05674858 0 0 
20160614 1.69920679 0.77196133 -> 0.80794109 1.04660824 0 0 
20160615 1.71037898 0.89126570 -> 0.90243789 1.01253520 1 0 
20160616 1.72449853 0.80794109 -> 0.82206064 1.01747596 1 1 
20160617 1.72189439 0.90243789 -> 0.89983376 0.99711433 1 0 
20160620 1.72985042 0.82206064 -> 0.83001666 1.00967815 0 0 
20160621 1.76145599 0.89983376 -> 0.93143933 1.03512379 0 0 
20160622 1.75598105 0.83001666 -> 0.82454172 0.99340381 2 0 
20160623 1.78408551 0.93143933 -> 0.95954379 1.03017315 2 0 
20160624 1.83581698 0.82454172 -> 0.87627318 1.06273966 0 0 
20160627 1.86449237 0.95954379 -> 0.98821919 1.02988440 0 0 
20160628 1.87077849 0.87627318 -> 0.88255930 1.00717370 4 1 
20160629 1.86735920 0.98821919 -> 0.98479989 0.99653994 2 0 
20160630 1.88669658 0.88255930 -> 0.90189669 1.02191058 1 0 
20160701 1.91485154 0.98479989 -> 1.01295485 1.02858952 0 0 
20160704 1.92832834 0.90189669 -> 0.91537349 1.01494273 3 0 
20160705 1.93911935 1.01295485 -> 1.02374586 1.01065300 2 1 
20160706 1.94113535 0.91537349 -> 0.91738949 1.00220238 3 0 
20160707 1.93280192 1.02374586 -> 1.01541243 0.99185986 2 0 
20160708 1.93115368 0.91738949 -> 0.91574125 0.99820334 0 0 
20160711 1.95422444 1.01541243 -> 1.03848319 1.02272058 0 0 
20160712 1.96671861 0.91574125 -> 0.92823543 1.01364378 1 0 
20160713 1.97940125 1.03848319 -> 1.05116583 1.01221266 1 0 
20160714 1.97376930 0.92823543 -> 0.92260348 0.99393263 2 0 
20160715 1.98130916 1.05116583 -> 1.05870569 1.00717285 1 0 
20160718 1.99769106 0.92260348 -> 0.93898537 1.01775616 3 0 
20160719 1.99898755 1.05870569 -> 1.06000217 1.00122459 4 1 
20160720 1.98226286 0.93898537 -> 0.92226069 0.98218856 3 0 
20160721 1.97099644 1.06000217 -> 1.04873575 0.98937132 4 0 
20160722 1.98779123 0.92226069 -> 0.93905548 1.01821046 0 0 
20160725 1.94802810 1.04873575 -> 1.00897262 0.96208470 1 0 
20160726 1.89891279 0.93905548 -> 0.88994017 0.94769711 1 1 
20160727 1.89641696 1.00897262 -> 1.00647679 0.99752637 0 0 
20160728 1.88156859 0.88994017 -> 0.87509180 0.98331532 1 1 
20160729 1.88129034 1.00647679 -> 1.00619854 0.99972354 1 0 
20160801 1.90825306 0.87509180 -> 0.90205451 1.03081130 2 0 
20160802 1.92939253 1.00619854 -> 1.02733802 1.02100925 3 0 
20160803 1.93428739 0.90205451 -> 0.90694937 1.00542634 2 0 
20160804 1.94143674 1.02733802 -> 1.03448737 1.00695911 1 0 
20160805 1.97009614 0.90694937 -> 0.93560877 1.03159978 0 0 
20160808 1.99219375 1.03448737 -> 1.05658498 1.02136093 0 0 
20160809 1.97851088 0.93560877 -> 0.92192590 0.98537544 0 0 
20160810 1.97327840 1.05658498 -> 1.05135250 0.99504775 0 0 
20160811 2.01056030 0.92192590 -> 0.95920780 1.04043915 0 0 
20160812 2.05202205 1.05135250 -> 1.09281425 1.03943658 0 0 
20160815 2.07037808 0.95920780 -> 0.97756383 1.01913665 3 0 
20160816 2.09372355 1.09281425 -> 1.11615972 1.02136271 3 0 
20160817 2.09620556 0.97756383 -> 0.98004583 1.00253897 3 0 
20160818 2.07761075 1.11615972 -> 1.09756492 0.98334037 4 2 
20160819 2.06757439 0.98004583 -> 0.97000947 0.98975929 1 0 
20160822 2.07870235 1.09756492 -> 1.10869288 1.01013877 5 0 
20160823 2.07835610 0.97000947 -> 0.96966322 0.99964305 5 0 
20160824 2.08676705 1.10869288 -> 1.11710383 1.00758637 5 0 
20160825 2.09491333 0.96966322 -> 0.97780950 1.00840114 1 1 
20160826 2.09547196 1.11710383 -> 1.11766246 1.00050007 0 0 
20160829 2.09974345 0.97780950 -> 0.98208099 1.00436843 4 0 
20160830 2.08640249 1.11766246 -> 1.10432151 0.98806352 2 0 
20160901 2.08545279 0.98208099 -> 0.98113128 0.99903297 0 0 
20160902 2.11028276 1.10432151 -> 1.12915148 1.02248437 0 0 
20160905 2.12888529 0.98113128 -> 0.99973382 1.01896029 2 0 
20160906 2.13333281 1.12915148 -> 1.13359899 1.00393881 1 0 
20160907 2.12464636 0.99973382 -> 0.99104737 0.99131124 0 0 
20160908 2.07346300 1.13359899 -> 1.08241564 0.95484880 1 0 
20160909 2.06220422 0.99104737 -> 0.97978858 0.98863951 1 0 
20160912 2.06084866 1.08241564 -> 1.08106007 0.99874765 0 0 
20160913 2.07769690 0.97978858 -> 0.99663683 1.01719580 0 0 
20160914 2.10004720 1.08106007 -> 1.10341037 1.02067443 0 0 
20160919 2.10825801 0.99663683 -> 1.00484764 1.00823851 0 0 
20160920 2.11633304 1.10341037 -> 1.11148540 1.00731825 0 0 
20160921 2.11116092 1.00484764 -> 0.99967552 0.99485283 0 0 
20160922 2.08376303 1.11148540 -> 1.08408751 0.97535021 0 0 
20160923 2.08170538 0.99967552 -> 0.99761786 0.99794168 0 0 
20160926 2.09160847 1.08408751 -> 1.09399061 1.00913496 1 0 
20160927 2.10033938 0.99761786 -> 1.00634878 1.00875176 0 0 
20160928 2.11479268 1.09399061 -> 1.10844390 1.01321153 0 0 
20160929 2.15294858 1.00634878 -> 1.04450468 1.03791519 0 0 
20160930 2.18717917 1.10844390 -> 1.14267449 1.03088166 0 0 
20161010 2.21064394 1.04450468 -> 1.06796945 1.02246498 2 0 
20161011 2.22891906 1.14267449 -> 1.16094961 1.01599329 1 0 
20161012 2.23694563 1.06796945 -> 1.07599602 1.00751573 0 0 
20161013 2.22508500 1.16094961 -> 1.14908898 0.98978368 0 0 
20161014 2.24130905 1.07599602 -> 1.09222007 1.01507817 0 0 
20161017 2.26641596 1.14908898 -> 1.17419589 1.02184940 0 0 
20161018 2.26631035 1.09222007 -> 1.09211446 0.99990331 0 0 
20161019 2.26634854 1.17419589 -> 1.17423408 1.00003253 0 0 
after 191 days:
final: 2.26634854481
