20160104 1.00000000 -> 1.03240206 1.03240206
20160105 1.03240206 -> 0.99931883 0.96795509
20160106 0.99931883 -> 0.96814035 0.96880027
20160107 0.96814035 -> 0.92740011 0.95791908
20160108 0.92740011 -> 0.90221211 0.97284020
20160111 0.90221211 -> 0.88441007 0.98026845
20160112 0.88441007 -> 0.88490925 1.00056442
20160113 0.88490925 -> 0.90987976 1.02821815
20160114 0.90987976 -> 0.90938633 0.99945771
20160115 0.90938633 -> 0.94250448 1.03641813
20160118 0.94250448 -> 0.96418015 1.02299795
20160119 0.96418015 -> 0.94334539 0.97839121
20160120 0.94334539 -> 0.93592794 0.99213708
20160121 0.93592794 -> 0.94501144 1.00970535
20160122 0.94501144 -> 0.90775772 0.96057855
20160125 0.90775772 -> 0.86491523 0.95280405
20160126 0.86491523 -> 0.83707262 0.96780886
20160127 0.83707262 -> 0.84119917 1.00492974
20160128 0.84119917 -> 0.85688111 1.01864236
20160129 0.85688111 -> 0.87422037 1.02023532
20160201 0.87422037 -> 0.89513396 1.02392256
20160202 0.89513396 -> 0.92033107 1.02814899
20160203 0.92033107 -> 0.93086597 1.01144685
20160204 0.93086597 -> 0.92564472 0.99439098
20160205 0.92564472 -> 0.96592692 1.04351799
20160215 0.96592692 -> 1.00386526 1.03927661
20160216 1.00386526 -> 1.01658760 1.01267336
20160217 1.01658760 -> 1.01856709 1.00194719
20160218 1.01856709 -> 1.04374026 1.02471429
20160219 1.04374026 -> 1.04536053 1.00155237
20160222 1.04536053 -> 1.03740042 0.99238530
20160223 1.03740042 -> 0.99407267 0.95823431
20160224 0.99407267 -> 0.94283254 0.94845434
20160225 0.94283254 -> 0.90271681 0.95745191
20160226 0.90271681 -> 0.88163201 0.97664295
20160229 0.88163201 -> 0.91722474 1.04037141
20160301 0.91722474 -> 0.94531520 1.03062550
20160302 0.94531520 -> 0.92306560 0.97646331
20160303 0.92306560 -> 0.91624417 0.99261002
20160304 0.91624417 -> 0.93259761 1.01784834
20160307 0.93259761 -> 0.93655277 1.00424102
20160308 0.93655277 -> 0.93394038 0.99721063
20160309 0.93394038 -> 0.92502726 0.99045644
20160310 0.92502726 -> 0.95484935 1.03223915
20160311 0.95484935 -> 0.96763175 1.01338682
20160314 0.96763175 -> 0.95771019 0.98974656
20160315 0.95771019 -> 0.96798142 1.01072478
20160316 0.96798142 -> 1.01755192 1.05121017
20160317 1.01755192 -> 1.06008275 1.04179721
20160318 1.06008275 -> 1.07123965 1.01052456
20160321 1.07123965 -> 1.08836914 1.01599035
20160322 1.08836914 -> 1.09513004 1.00621195
20160323 1.09513004 -> 1.09720118 1.00189123
20160324 1.09720118 -> 1.09944515 1.00204518
20160325 1.09944515 -> 1.07875970 0.98118555
20160328 1.07875970 -> 1.09394555 1.01407714
20160329 1.09394555 -> 1.11815643 1.02213170
20160330 1.11815643 -> 1.11374978 0.99605901
20160331 1.11374978 -> 1.13623390 1.02018776
20160401 1.13623390 -> 1.15532288 1.01680022
20160405 1.15532288 -> 1.15277130 0.99779146
20160406 1.15277130 -> 1.13505598 0.98463240
20160407 1.13505598 -> 1.15315449 1.01594504
20160408 1.15315449 -> 1.15866943 1.00478248
20160411 1.15866943 -> 1.16349990 1.00416899
20160412 1.16349990 -> 1.17812836 1.01257280
20160413 1.17812836 -> 1.18738792 1.00785955
20160414 1.18738792 -> 1.18036553 0.99408585
20160415 1.18036553 -> 1.17799392 0.99799079
20160418 1.17799392 -> 1.14513488 0.97210593
20160419 1.14513488 -> 1.09631329 0.95736608
20160420 1.09631329 -> 1.09847759 1.00197416
20160421 1.09847759 -> 1.10482167 1.00577534
20160422 1.10482167 -> 1.11148784 1.00603370
20160425 1.11148784 -> 1.11917438 1.00691554
20160426 1.11917438 -> 1.11491218 0.99619165
20160427 1.11491218 -> 1.10977870 0.99539562
20160428 1.10977870 -> 1.13209876 1.02011218
20160429 1.13209876 -> 1.15454985 1.01983139
20160503 1.15454985 -> 1.16095753 1.00554994
20160504 1.16095753 -> 1.13671087 0.97911494
20160505 1.13671087 -> 1.08460052 0.95415691
20160506 1.08460052 -> 1.05988168 0.97720927
20160509 1.05988168 -> 1.05418406 0.99462428
20160510 1.05418406 -> 1.04016270 0.98669933
20160511 1.04016270 -> 1.04447306 1.00414393
20160512 1.04447306 -> 1.05772118 1.01268402
20160513 1.05772118 -> 1.07214808 1.01363960
20160516 1.07214808 -> 1.05269277 0.98185390
20160517 1.05269277 -> 1.04140564 0.98927785
20160518 1.04140564 -> 1.05451285 1.01258607
20160519 1.05451285 -> 1.07562965 1.02002517
20160520 1.07562965 -> 1.07957128 1.00366448
20160523 1.07957128 -> 1.07610160 0.99678606
20160524 1.07610160 -> 1.07192078 0.99611485
20160525 1.07192078 -> 1.07318058 1.00117527
20160526 1.07318058 -> 1.07155741 0.99848752
20160527 1.07155741 -> 1.09498020 1.02185865
20160530 1.09498020 -> 1.13146676 1.03332166
20160531 1.13146676 -> 1.14728734 1.01398236
20160601 1.14728734 -> 1.16284601 1.01356127
20160602 1.16284601 -> 1.16747942 1.00398454
20160603 1.16747942 -> 1.17634169 1.00759094
20160606 1.17634169 -> 1.17808295 1.00148023
20160607 1.17808295 -> 1.14415979 0.97120478
20160608 1.14415979 -> 1.12518555 0.98341644
20160613 1.12518555 -> 1.14869227 1.02089142
20160614 1.14869227 -> 1.16648264 1.01548750
20160615 1.16648264 -> 1.17213515 1.00484578
20160616 1.17213515 -> 1.17299140 1.00073050
20160617 1.17299140 -> 1.16907874 0.99666438
20160620 1.16907874 -> 1.16836640 0.99939068
20160621 1.16836640 -> 1.18091379 1.01073926
20160622 1.18091379 -> 1.17299143 0.99329133
20160623 1.17299143 -> 1.17994070 1.00592440
20160624 1.17994070 -> 1.21028404 1.02571599
20160627 1.21028404 -> 1.22646751 1.01337163
20160628 1.22646751 -> 1.23156330 1.00415486
20160629 1.23156330 -> 1.23305294 1.00120955
20160630 1.23305294 -> 1.24432653 1.00914283
20160701 1.24432653 -> 1.26252400 1.01462435
20160704 1.26252400 -> 1.26666418 1.00327929
20160705 1.26666418 -> 1.27272054 1.00478135
20160706 1.27272054 -> 1.27390652 1.00093184
20160707 1.27390652 -> 1.27321756 0.99945918
20160708 1.27321756 -> 1.27410370 1.00069598
20160711 1.27410370 -> 1.28612986 1.00943891
20160712 1.28612986 -> 1.29436029 1.00639938
20160713 1.29436029 -> 1.29219022 0.99832344
20160714 1.29219022 -> 1.28617416 0.99534430
20160715 1.28617416 -> 1.29258290 1.00498279
20160718 1.29258290 -> 1.29883920 1.00484015
20160719 1.29883920 -> 1.29933707 1.00038332
20160720 1.29933707 -> 1.29342586 0.99545060
20160721 1.29342586 -> 1.28741999 0.99535662
20160722 1.28741999 -> 1.29653289 1.00707842
20160725 1.29653289 -> 1.26694850 0.97718192
20160726 1.26694850 -> 1.22472302 0.96667151
20160727 1.22472302 -> 1.21852996 0.99494330
20160728 1.21852996 -> 1.20581183 0.98956273
20160729 1.20581183 -> 1.20536645 0.99963063
20160801 1.20536645 -> 1.21479595 1.00782294
20160802 1.21479595 -> 1.22710782 1.01013493
20160803 1.22710782 -> 1.23233263 1.00425782
20160804 1.23233263 -> 1.23668327 1.00353041
20160805 1.23668327 -> 1.25337245 1.01349511
20160808 1.25337245 -> 1.26415555 1.00860327
20160809 1.26415555 -> 1.25112583 0.98969295
20160810 1.25112583 -> 1.24713201 0.99680782
20160811 1.24713201 -> 1.26770454 1.01649587
20160812 1.26770454 -> 1.28919816 1.01695475
20160815 1.28919816 -> 1.29609535 1.00534999
20160816 1.29609535 -> 1.30325573 1.00552458
20160817 1.30325573 -> 1.30671299 1.00265279
20160818 1.30671299 -> 1.30270976 0.99693642
20160819 1.30270976 -> 1.29490640 0.99400990
20160822 1.29490640 -> 1.30491710 1.00773082
20160823 1.30491710 -> 1.30385595 0.99918681
20160824 1.30385595 -> 1.30354187 0.99975911
20160825 1.30354187 -> 1.30770161 1.00319111
20160826 1.30770161 -> 1.31271681 1.00383513
20160829 1.31271681 -> 1.31156447 0.99912217
20160830 1.31156447 -> 1.30113761 0.99205006
20160901 1.30113761 -> 1.30077553 0.99972172
20160902 1.30077553 -> 1.30922754 1.00649768
20160905 1.30922754 -> 1.31894414 1.00742162
20160906 1.31894414 -> 1.32173677 1.00211732
20160907 1.32173677 -> 1.31700279 0.99641837
20160908 1.31700279 -> 1.28636903 0.97673980
20160909 1.28636903 -> 1.28134949 0.99609790
20160912 1.28134949 -> 1.27756274 0.99704472
20160913 1.27756274 -> 1.28609158 1.00667587
20160914 1.28609158 -> 1.29472082 1.00670966
20160919 1.29472082 -> 1.29806079 1.00257968
20160920 1.29806079 -> 1.30733563 1.00714516
20160921 1.30733563 -> 1.30201434 0.99592966
20160922 1.30201434 -> 1.27826592 0.98176025
20160923 1.27826592 -> 1.27034440 0.99380291
20160926 1.27034440 -> 1.27734098 1.00550763
20160927 1.27734098 -> 1.27566598 0.99868868
20160928 1.27566598 -> 1.28301774 1.00576308
20160929 1.28301774 -> 1.30323215 1.01575536
20160930 1.30323215 -> 1.32197378 1.01438089