20160104 1.03868671 0.50000000 -> 0.53868671 1.07737343 0 0 
20160105 1.00747420 0.50000000 -> 0.46878748 0.93757497 8 33 
20160106 0.96348829 0.53868671 -> 0.49470081 0.91834603 5 7 
20160107 0.92968679 0.46878748 -> 0.43498598 0.92789589 8 25 
20160108 0.90393021 0.49470081 -> 0.46894423 0.94793504 3 8 
20160111 0.89467750 0.43498598 -> 0.42573327 0.97872871 3 6 
20160112 0.89441261 0.46894423 -> 0.46867935 0.99943515 2 2 
20160113 0.93663808 0.42573327 -> 0.46795874 1.09918293 0 0 
20160114 0.94093599 0.46867935 -> 0.47297725 1.00917024 3 2 
20160115 0.99542008 0.46795874 -> 0.52244283 1.11642926 0 0 
20160118 1.02402376 0.47297725 -> 0.50158094 1.06047582 1 2 
20160119 1.00661244 0.52244283 -> 0.50503150 0.96667324 0 1 
20160120 0.98264760 0.50158094 -> 0.47761610 0.95222139 2 16 
20160121 1.00099887 0.50503150 -> 0.52338277 1.03633688 0 0 
20160122 0.96927115 0.47761610 -> 0.44588838 0.93357067 2 27 
20160125 0.93457115 0.52338277 -> 0.48868277 0.93370054 2 3 
20160126 0.90885724 0.44588838 -> 0.42017447 0.94233106 4 21 
20160127 0.91317086 0.48868277 -> 0.49299639 1.00882703 0 0 
20160128 0.93847575 0.42017447 -> 0.44547936 1.06022471 1 1 
20160129 0.95613649 0.49299639 -> 0.51065713 1.03582326 0 0 
20160201 0.98262713 0.44547936 -> 0.47197001 1.05946548 0 0 
20160202 1.01942182 0.51065713 -> 0.54745181 1.07205360 0 0 
20160203 1.03106760 0.47197001 -> 0.48361579 1.02467483 0 2 
20160204 1.02600981 0.54745181 -> 0.54239402 0.99076121 2 0 
20160205 1.07139135 0.48361579 -> 0.52899733 1.09383801 0 0 
20160215 1.11866906 0.54239402 -> 0.58967173 1.08716488 0 0 
20160216 1.13572807 0.52899733 -> 0.54605634 1.03224783 0 0 
20160217 1.13720725 0.58967173 -> 0.59115091 1.00250848 5 0 
20160218 1.16478135 0.54605634 -> 0.57363044 1.05049680 1 0 
20160219 1.18031759 0.59115091 -> 0.60668715 1.02628135 0 1 
20160222 1.17797329 0.57363044 -> 0.57128613 0.99591321 6 2 
20160223 1.11644768 0.60668715 -> 0.54516155 0.89858759 7 35 
20160224 1.06049468 0.57128613 -> 0.51533313 0.90205783 3 6 
20160225 1.03585098 0.54516155 -> 0.52051785 0.95479561 0 12 
20160226 1.01039576 0.51533313 -> 0.48987791 0.95060434 1 4 
20160229 1.05059921 0.52051785 -> 0.56072130 1.07723740 0 0 
20160301 1.08606631 0.48987791 -> 0.52534502 1.07239989 0 0 
20160302 1.06147014 0.56072130 -> 0.53612512 0.95613475 5 5 
20160303 1.06578966 0.52534502 -> 0.52966454 1.00822227 4 0 
20160304 1.08630768 0.53612512 -> 0.55664313 1.03827094 0 0 
20160307 1.07731326 0.52966454 -> 0.52067013 0.98301866 0 3 
20160308 1.06763724 0.55664313 -> 0.54696711 0.98261718 0 1 
20160309 1.04863271 0.52067013 -> 0.50166560 0.96349988 0 8 
20160310 1.08589162 0.54696711 -> 0.58422602 1.06811910 0 0 
20160311 1.10159334 0.50166560 -> 0.51736732 1.03129917 0 0 
20160314 1.08665761 0.58422602 -> 0.56929029 0.97443501 1 1 
20160315 1.10165227 0.51736732 -> 0.53236199 1.02898263 0 1 
20160316 1.15408443 0.56929029 -> 0.62172244 1.09210091 0 0 
20160317 1.19547823 0.53236199 -> 0.57375579 1.07775499 0 0 
20160318 1.20396473 0.62172244 -> 0.63020895 1.01364999 0 0 
20160321 1.22049581 0.57375579 -> 0.59028687 1.02881205 3 0 
20160322 1.22515556 0.63020895 -> 0.63486869 1.00739397 3 0 
20160323 1.22557448 0.59028687 -> 0.59070578 1.00070968 4 0 
20160324 1.23252021 0.63486869 -> 0.64181442 1.01094042 5 0 
20160325 1.20898634 0.59070578 -> 0.56717192 0.96015976 2 0 
20160328 1.22541567 0.64181442 -> 0.65824375 1.02559825 1 1 
20160329 1.25180706 0.56717192 -> 0.59356331 1.04653156 0 4 
20160330 1.25495490 0.65824375 -> 0.66139158 1.00478217 1 1 
20160331 1.28155655 0.59356331 -> 0.62016496 1.04481687 0 0 
20160401 1.31514251 0.66139158 -> 0.69497754 1.05078075 2 0 
20160405 1.31588123 0.62016496 -> 0.62090369 1.00119117 2 0 
20160406 1.29739740 0.69497754 -> 0.67649371 0.97340370 5 0 
20160407 1.31860415 0.62090369 -> 0.64211044 1.03415466 0 0 
20160408 1.33172806 0.67649371 -> 0.68961762 1.01939989 5 0 
20160411 1.33378569 0.64211044 -> 0.64416807 1.00320448 4 0 
20160412 1.35975507 0.68961762 -> 0.71558700 1.03765766 5 0 
20160413 1.36826813 0.64416807 -> 0.65268113 1.01321558 7 0 
20160414 1.34887758 0.71558700 -> 0.69619646 0.97290260 5 1 
20160415 1.34887741 0.65268113 -> 0.65268095 0.99999973 7 0 
20160418 1.31538101 0.69619646 -> 0.66270006 0.95188657 4 4 
20160419 1.26752968 0.65268095 -> 0.60482962 0.92668496 4 1 
20160420 1.27071676 0.66270006 -> 0.66588714 1.00480924 4 1 
20160421 1.28192798 0.60482962 -> 0.61604084 1.01853616 2 0 
20160422 1.29526274 0.66588714 -> 0.67922190 1.02002555 5 0 
20160425 1.30422281 0.61604084 -> 0.62500091 1.01454460 2 0 
20160426 1.30343348 0.67922190 -> 0.67843257 0.99883789 4 0 
20160427 1.30058882 0.62500091 -> 0.62215625 0.99544855 2 1 
20160428 1.33473590 0.67843257 -> 0.71257965 1.05033231 0 0 
20160429 1.36537909 0.62215625 -> 0.65279944 1.04925320 0 0 
20160503 1.38765329 0.71257965 -> 0.73485385 1.03125854 2 0 
20160504 1.36072043 0.65279944 -> 0.62586658 0.95874253 2 2 
20160505 1.28645283 0.73485385 -> 0.66058626 0.89893555 4 10 
20160506 1.25273790 0.62586658 -> 0.59215165 0.94613080 1 6 
20160509 1.24532672 0.66058626 -> 0.65317507 0.98878090 1 5 
20160510 1.24389792 0.59215165 -> 0.59072285 0.99758710 0 2 
20160511 1.25426840 0.65317507 -> 0.66354556 1.01587704 1 3 
20160512 1.27276637 0.59072285 -> 0.60922081 1.03131411 0 0 
20160513 1.30230909 0.66354556 -> 0.69308829 1.04452253 0 0 
20160516 1.27367988 0.60922081 -> 0.58059159 0.95300684 0 3 
20160517 1.26962233 0.69308829 -> 0.68903074 0.99414570 3 0 
20160518 1.28362537 0.58059159 -> 0.59459464 1.02411858 1 0 
20160519 1.32608819 0.68903074 -> 0.73149356 1.06162689 0 0 
20160520 1.32784019 0.59459464 -> 0.59634664 1.00294655 0 0 
20160523 1.32470489 0.73149356 -> 0.72835826 0.99571384 1 0 
20160524 1.32119458 0.59634664 -> 0.59283633 0.99411364 1 0 
20160525 1.32799139 0.72835826 -> 0.73515506 1.00933168 1 1 
20160526 1.31903914 0.59283633 -> 0.58388408 0.98489929 1 0 
20160527 1.36331280 0.73515506 -> 0.77942872 1.06022356 0 0 
20160530 1.40840223 0.58388408 -> 0.62897351 1.07722326 0 0 
20160531 1.43554626 0.77942872 -> 0.80657275 1.03482555 3 0 
20160601 1.45647191 0.62897351 -> 0.64989916 1.03326952 4 0 
20160602 1.46258181 0.80657275 -> 0.81268265 1.00757514 5 1 
20160603 1.46984287 0.64989916 -> 0.65716023 1.01117260 2 0 
20160606 1.47172905 0.81268265 -> 0.81456882 1.00232092 6 0 
20160607 1.43412899 0.65716023 -> 0.61956017 0.94278403 3 11 
20160608 1.41044231 0.81456882 -> 0.79088214 0.97092121 2 0 
20160613 1.44903646 0.61956017 -> 0.65815432 1.06229282 0 0 
20160614 1.50248800 0.79088214 -> 0.84433368 1.06758471 0 0 
20160615 1.52369762 0.65815432 -> 0.67936394 1.03222591 2 0 
20160616 1.56431373 0.84433368 -> 0.88494980 1.04810434 2 0 
20160617 1.56338736 0.67936394 -> 0.67843756 0.99863641 4 2 
20160620 1.56384534 0.88494980 -> 0.88540778 1.00051752 2 0 
20160621 1.59941952 0.67843756 -> 0.71401174 1.05243545 0 0 
20160622 1.59162658 0.88540778 -> 0.87761483 0.99119847 5 0 
20160623 1.61219688 0.71401174 -> 0.73458205 1.02880948 3 0 
20160624 1.67807275 0.87761483 -> 0.94349069 1.07506238 0 0 
20160627 1.69737561 0.73458205 -> 0.75388492 1.02627735 6 0 
20160628 1.70155413 0.94349069 -> 0.94766921 1.00442878 6 0 
20160629 1.69918862 0.75388492 -> 0.75151942 0.99686225 11 0 
20160630 1.72532447 0.94766921 -> 0.97380505 1.02757908 5 0 
20160701 1.75218012 0.75151942 -> 0.77837506 1.03573513 0 0 
20160704 1.75894361 0.97380505 -> 0.98056854 1.00694542 4 0 
20160705 1.77239600 0.77837506 -> 0.79182746 1.01728267 7 0 
20160706 1.77552482 0.98056854 -> 0.98369736 1.00319082 6 1 
20160707 1.76262540 0.79182746 -> 0.77892805 0.98370931 5 0 
20160708 1.75021382 0.98369736 -> 0.97128577 0.98738272 5 0 
20160711 1.75647717 0.77892805 -> 0.78519140 1.00804099 3 10 
20160712 1.77991295 0.97128577 -> 0.99472155 1.02412862 4 0 
20160713 1.79017660 0.78519140 -> 0.79545505 1.01307153 5 0 
20160714 1.77360816 0.99472155 -> 0.97815311 0.98334364 3 1 
20160715 1.77075004 0.79545505 -> 0.79259694 0.99640695 8 0 
20160718 1.78398016 0.97815311 -> 0.99138322 1.01352561 8 2 
20160719 1.77791577 0.79259694 -> 0.78653254 0.99234871 14 4 
20160720 1.75533429 0.99138322 -> 0.96880174 0.97722225 8 2 
20160721 1.74815961 0.78653254 -> 0.77935787 0.99087810 5 1 
20160722 1.75188486 0.96880174 -> 0.97252699 1.00384521 1 4 
20160725 1.72709355 0.77935787 -> 0.75456656 0.96819007 5 7 
20160726 1.66951774 0.97252699 -> 0.91495118 0.94079773 3 2 
20160727 1.66324000 0.75456656 -> 0.74828882 0.99168034 1 1 
20160728 1.64799423 0.91495118 -> 0.89970541 0.98333707 1 1 
20160729 1.65202680 0.74828882 -> 0.75232138 1.00538905 2 0 
20160801 1.68560126 0.89970541 -> 0.93327988 1.03731717 3 1 
20160802 1.70351566 0.75232138 -> 0.77023578 1.02381217 3 0 
20160803 1.70432721 0.93327988 -> 0.93409142 1.00086957 4 0 
20160804 1.69849183 0.77023578 -> 0.76440041 0.99242391 4 1 
20160805 1.73017016 0.93409142 -> 0.96576975 1.03391352 0 0 
20160808 1.75282259 0.76440041 -> 0.78705284 1.02963424 2 0 
20160809 1.73558620 0.96576975 -> 0.94853337 0.98215270 2 0 
20160810 1.73068130 0.78705284 -> 0.78214794 0.99376802 1 0 
20160811 1.77424416 0.94853337 -> 0.99209622 1.04592654 0 0 
20160812 1.80029601 0.78214794 -> 0.80819979 1.03330808 1 0 
20160815 1.83094169 0.99209622 -> 1.02274191 1.03088983 7 0 
20160816 1.83898379 0.80819979 -> 0.81624188 1.00995063 6 0 
20160817 1.83583557 1.02274191 -> 1.01959369 0.99692179 6 0 
20160818 1.83167469 0.81624188 -> 0.81208100 0.99490239 7 0 
20160819 1.82184284 1.01959369 -> 1.00976184 0.99035709 6 0 
20160822 1.82471657 0.81208100 -> 0.81495473 1.00353873 6 0 
20160823 1.82034896 1.00976184 -> 1.00539423 0.99567461 7 0 
20160824 1.82721891 0.81495473 -> 0.82182469 1.00842986 7 0 
20160825 1.83047162 1.00539423 -> 1.00864693 1.00323525 4 1 
20160826 1.83400631 0.82182469 -> 0.82535938 1.00430103 1 0 
20160829 1.82810970 1.00864693 -> 1.00275032 0.99415394 6 0 
20160830 1.81876144 0.82535938 -> 0.81601112 0.98867372 6 1 
20160901 1.83156080 1.00275032 -> 1.01554967 1.01276425 2 0 
20160902 1.84939773 0.81601112 -> 0.83384806 1.02185869 5 0 
20160905 1.86830412 1.01554967 -> 1.03445606 1.01861690 5 0 
20160906 1.87882246 0.83384806 -> 0.84436640 1.01261422 2 0 
20160907 1.87188953 1.03445606 -> 1.02752313 0.99329799 3 1 
20160908 1.84202363 0.84436640 -> 0.81450050 0.96462922 2 0 
20160909 1.83616024 1.02752313 -> 1.02165974 0.99429367 2 0 
20160912 1.83918416 0.81450050 -> 0.81752442 1.00371260 1 0 
20160913 1.85210289 1.02165974 -> 1.03457847 1.01264485 1 0 
20160914 1.85810857 0.81752442 -> 0.82353009 1.00734617 3 0 
20160919 1.86634264 1.03457847 -> 1.04281254 1.00795886 2 0 
20160920 1.86944230 0.82353009 -> 0.82662976 1.00376388 1 0 
20160921 1.87574759 1.04281254 -> 1.04911783 1.00604642 4 0 
20160922 1.84869031 0.82662976 -> 0.79957248 0.96726796 4 0 
20160923 1.85747487 1.04911783 -> 1.05790238 1.00837328 0 0 
20160926 1.85933160 0.79957248 -> 0.80142921 1.00232215 3 0 
20160927 1.86272971 1.05790238 -> 1.06130049 1.00321212 1 1 
20160928 1.87165814 0.80142921 -> 0.81035765 1.01114064 2 0 
20160929 1.92180277 1.06130049 -> 1.11144513 1.04724829 4 0 
20160930 1.95298756 0.81035765 -> 0.84154243 1.03848275 4 0 
20161010 1.99203882 1.11144513 -> 1.15049639 1.03513557 4 0 
20161011 2.00524923 0.84154243 -> 0.85475285 1.01569786 2 0 
20161012 2.00919024 1.15049639 -> 1.15443739 1.00342548 2 0 
20161013 2.00320625 0.85475285 -> 0.84876886 0.99299915 4 0 
20161014 2.01387513 1.15443739 -> 1.16510627 1.00924162 2 0 
20161017 2.04482033 0.84876886 -> 0.87971406 1.03645893 2 0 
20161018 2.05712954 1.16510627 -> 1.17741549 1.01056489 3 0 
20161019 2.06212218 0.87971406 -> 0.88470669 1.00567529 3 0 
after 191 days:
final: 2.06212217858
