20160104 1.03738144 0.50000000 -> 0.53738144 1.07476287 0 0 
20160105 1.00342535 0.50000000 -> 0.46604391 0.93208782 1 35 
20160106 0.96288875 0.53738144 -> 0.49684484 0.92456643 0 0 
20160107 0.92328565 0.46604391 -> 0.42644082 0.91502283 0 29 
20160108 0.89786674 0.49684484 -> 0.47142592 0.94883932 0 5 
20160111 0.88318492 0.42644082 -> 0.41175901 0.96557128 0 7 
20160112 0.87586111 0.47142592 -> 0.46410211 0.98446456 0 2 
20160113 0.91866073 0.41175901 -> 0.45455862 1.10394336 0 0 
20160114 0.92364985 0.46410211 -> 0.46909123 1.01075006 0 1 
20160115 0.97776683 0.45455862 -> 0.50867560 1.11905391 0 0 
20160118 1.00864338 0.46909123 -> 0.49996778 1.06582205 0 0 
20160119 0.98625338 0.50867560 -> 0.48628560 0.95598373 0 4 
20160120 0.99256061 0.49996778 -> 0.50627501 1.01261528 0 0 
20160121 1.01499085 0.48628560 -> 0.50871583 1.04612564 0 0 
20160122 0.97980292 0.50627501 -> 0.47108708 0.93049641 1 26 
20160125 0.94374715 0.50871583 -> 0.47266007 0.92912395 1 3 
20160126 0.92346015 0.47108708 -> 0.45080008 0.95693577 0 13 
20160127 0.92834045 0.47266007 -> 0.47754037 1.01032518 0 0 
20160128 0.95255589 0.45080008 -> 0.47501552 1.05371658 0 1 
20160129 0.97012699 0.47754037 -> 0.49511147 1.03679502 0 0 
20160201 0.99969772 0.47501552 -> 0.50458625 1.06225214 0 0 
20160202 1.03961072 0.49511147 -> 0.53502447 1.08061418 0 0 
20160203 1.05558226 0.50458625 -> 0.52055778 1.03165273 0 0 
20160204 1.04834483 0.53502447 -> 0.52778705 0.98647272 2 0 
20160205 1.09892229 0.52055778 -> 0.57113524 1.09716012 0 0 
20160215 1.14594980 0.52778705 -> 0.57481457 1.08910321 0 0 
20160216 1.16606632 0.57113524 -> 0.59125176 1.03522199 0 0 
20160217 1.16108243 0.57481457 -> 0.56983067 0.99132956 2 0 
20160218 1.18749615 0.59125176 -> 0.61766548 1.04467425 0 0 
20160219 1.20473190 0.56983067 -> 0.58706642 1.03024713 0 0 
20160222 1.20525842 0.61766548 -> 0.61819200 1.00085244 4 2 
20160223 1.14969252 0.58706642 -> 0.53150052 0.90534990 0 29 
20160224 1.08390001 0.61819200 -> 0.55239949 0.89357269 0 3 
20160225 1.03874307 0.53150052 -> 0.48634358 0.91503876 0 22 
20160226 1.01919872 0.55239949 -> 0.53285515 0.96461918 0 0 
20160229 1.06088003 0.48634358 -> 0.52802488 1.08570342 0 0 
20160301 1.09684674 0.53285515 -> 0.56882186 1.06749810 0 0 
20160302 1.07182309 0.52802488 -> 0.50300123 0.95260895 1 4 
20160303 1.06606144 0.56882186 -> 0.56306021 0.98987091 1 0 
20160304 1.09257122 0.50300123 -> 0.52951101 1.05270321 0 0 
20160307 1.09569040 0.56306021 -> 0.56617939 1.00553970 0 1 
20160308 1.08772522 0.52951101 -> 0.52154582 0.98495747 0 0 
20160309 1.07662224 0.56617939 -> 0.55507642 0.98038965 0 0 
20160310 1.11802261 0.52154582 -> 0.56294620 1.07938013 0 0 
20160311 1.12802552 0.55507642 -> 0.56507932 1.01802078 1 0 
20160314 1.11496252 0.56294620 -> 0.54988319 0.97679528 1 0 
20160315 1.13156093 0.56507932 -> 0.58167774 1.02937360 0 0 
20160316 1.19039420 0.54988319 -> 0.60871646 1.10699231 0 0 
20160317 1.24657577 0.58167774 -> 0.63785930 1.09658538 0 0 
20160318 1.26201948 0.60871646 -> 0.62416017 1.02537094 0 0 
20160321 1.27650866 0.63785930 -> 0.65234849 1.02271533 1 0 
20160322 1.28168502 0.62416017 -> 0.62933653 1.00829331 0 0 
20160323 1.28449525 0.65234849 -> 0.65515872 1.00430787 0 1 
20160324 1.28993514 0.62933653 -> 0.63477642 1.00864385 1 0 
20160325 1.26212962 0.65515872 -> 0.62735320 0.95755911 0 0 
20160328 1.27606324 0.63477642 -> 0.64871004 1.02195044 0 0 
20160329 1.30387582 0.62735320 -> 0.65516579 1.04433322 0 0 
20160330 1.29878573 0.64871004 -> 0.64361994 0.99215351 0 1 
20160331 1.32599129 0.65516579 -> 0.68237135 1.04152470 0 0 
20160401 1.34997307 0.64361994 -> 0.66760172 1.03726078 0 0 
20160405 1.35210737 0.68237135 -> 0.68450565 1.00312777 1 0 
20160406 1.34256537 0.66760172 -> 0.65805971 0.98570704 0 0 
20160407 1.36195850 0.68450565 -> 0.70389878 1.02833159 1 0 
20160408 1.36739125 0.65805971 -> 0.66349246 1.00825571 0 0 
20160411 1.37267214 0.70389878 -> 0.70917967 1.00750234 0 0 
20160412 1.39407605 0.66349246 -> 0.68489638 1.03225947 0 0 
20160413 1.40902870 0.70917967 -> 0.72413232 1.02108442 0 0 
20160414 1.40059251 0.68489638 -> 0.67646019 0.98768253 0 0 
20160415 1.41131930 0.72413232 -> 0.73485912 1.01481331 0 0 
20160418 1.37636241 0.67646019 -> 0.64150330 0.94832380 0 6 
20160419 1.32430521 0.73485912 -> 0.68280191 0.92916029 0 0 
20160420 1.32657320 0.64150330 -> 0.64377129 1.00353544 0 0 
20160421 1.34039833 0.68280191 -> 0.69662704 1.02024764 0 0 
20160422 1.35372181 0.64377129 -> 0.65709477 1.02069598 0 0 
20160425 1.36652978 0.69662704 -> 0.70943501 1.01838569 0 0 
20160426 1.36715591 0.65709477 -> 0.65772090 1.00095288 0 0 
20160427 1.36885530 0.70943501 -> 0.71113440 1.00239541 0 0 
20160428 1.40071912 0.65772090 -> 0.68958472 1.04844580 0 0 
20160429 1.43766435 0.71113440 -> 0.74807963 1.05195254 0 0 
20160503 1.44276959 0.68958472 -> 0.69468995 1.00740335 0 0 
20160504 1.40612565 0.74807963 -> 0.71143570 0.95101600 0 2 
20160505 1.33292845 0.69468995 -> 0.62149275 0.89463327 1 6 
20160506 1.30358045 0.71143570 -> 0.68208770 0.95874820 0 1 
20160509 1.30162134 0.62149275 -> 0.61953364 0.99684774 0 0 
20160510 1.29409659 0.68208770 -> 0.67456295 0.98896806 0 1 
20160511 1.30986554 0.61953364 -> 0.63530259 1.02545294 0 0 
20160512 1.33509534 0.67456295 -> 0.69979274 1.03740169 0 0 
20160513 1.36078533 0.63530259 -> 0.66099259 1.04043742 0 0 
20160516 1.32285045 0.69979274 -> 0.66185786 0.94579126 0 2 
20160517 1.31239062 0.66099259 -> 0.65053276 0.98417557 1 0 
20160518 1.33745100 0.66185786 -> 0.68691825 1.03786370 0 0 
20160519 1.37868458 0.65053276 -> 0.69176633 1.06338432 0 0 
20160520 1.39153967 0.68691825 -> 0.69977333 1.01871414 0 0 
20160523 1.37914597 0.69176633 -> 0.67937264 0.98208399 0 0 
20160524 1.37298609 0.69977333 -> 0.69361345 0.99119732 0 0 
20160525 1.37950560 0.67937264 -> 0.68589215 1.00959637 0 0 
20160526 1.37406833 0.69361345 -> 0.68817618 0.99216095 0 0 
20160527 1.42806223 0.68589215 -> 0.73988604 1.07872068 0 0 
20160530 1.48161411 0.68817618 -> 0.74172806 1.07781711 0 0 
20160531 1.51161348 0.73988604 -> 0.76988542 1.04054594 0 0 
20160601 1.53410744 0.74172806 -> 0.76422202 1.03032642 0 0 
20160602 1.54396334 0.76988542 -> 0.77974132 1.01280177 0 0 
20160603 1.57359346 0.76422202 -> 0.79385214 1.03877161 0 0 
20160606 1.57637859 0.77974132 -> 0.78252645 1.00357187 1 2 
20160607 1.52555401 0.79385214 -> 0.74302755 0.93597727 1 7 
20160608 1.49531658 0.78252645 -> 0.75228903 0.96135923 0 0 
20160613 1.54596767 0.74302755 -> 0.79367864 1.06816852 0 0 
20160614 1.59621826 0.75228903 -> 0.80253961 1.06679691 0 0 
20160615 1.61778302 0.79367864 -> 0.81524340 1.02717064 0 0 
20160616 1.63072206 0.80253961 -> 0.81547865 1.01612262 0 0 
20160617 1.63235067 0.81524340 -> 0.81687202 1.00199771 0 0 
20160620 1.62875187 0.81547865 -> 0.81187985 0.99558689 0 0 
20160621 1.65171820 0.81687202 -> 0.83983834 1.02811496 0 0 
20160622 1.64164218 0.81187985 -> 0.80180383 0.98758927 0 0 
20160623 1.66820369 0.83983834 -> 0.86639985 1.03162693 1 0 
20160624 1.72946095 0.80180383 -> 0.86306109 1.07639931 0 0 
20160627 1.75473680 0.86639985 -> 0.89167571 1.02917343 0 0 
20160628 1.76554140 0.86306109 -> 0.87386569 1.01251893 0 0 
20160629 1.75862475 0.89167571 -> 0.88475905 0.99224308 0 0 
20160630 1.79177830 0.87386569 -> 0.90701924 1.03793895 0 0 
20160701 1.82804316 0.88475905 -> 0.92102392 1.04098841 0 0 
20160704 1.83583410 0.90701924 -> 0.91481018 1.00858961 0 0 
20160705 1.84018154 0.92102392 -> 0.92537135 1.00472022 0 0 
20160706 1.83620304 0.91481018 -> 0.91083169 0.99565101 0 0 
20160707 1.82679819 0.92537135 -> 0.91596651 0.98983668 0 4 
20160708 1.82692886 0.91083169 -> 0.91096235 1.00014346 0 0 
20160711 1.84909887 0.91596651 -> 0.93813652 1.02420395 0 0 
20160712 1.85675111 0.91096235 -> 0.91861460 1.00840017 0 0 
20160713 1.85341250 0.93813652 -> 0.93479790 0.99644123 0 0 
20160714 1.84828205 0.91861460 -> 0.91348415 0.99441502 1 0 
20160715 1.85046593 0.93479790 -> 0.93698178 1.00233620 0 0 
20160718 1.86082742 0.91348415 -> 0.92384564 1.01134282 2 0 
20160719 1.86971811 0.93698178 -> 0.94587248 1.00948865 3 0 
20160720 1.85902901 0.92384564 -> 0.91315653 0.98842977 0 2 
20160721 1.85131511 0.94587248 -> 0.93815857 0.99184467 1 2 
20160722 1.86434991 0.91315653 -> 0.92619134 1.01427445 0 1 
20160725 1.83858661 0.93815857 -> 0.91239527 0.97253843 0 2 
20160726 1.78142565 0.92619134 -> 0.86903038 0.93828385 1 2 
20160727 1.77214542 0.91239527 -> 0.90311504 0.98982872 0 0 
20160728 1.74580403 0.86903038 -> 0.84268899 0.96968876 0 0 
20160729 1.74401653 0.90311504 -> 0.90132753 0.99802073 0 0 
20160801 1.77573589 0.84268899 -> 0.87440836 1.03764066 0 0 
20160802 1.80138545 0.90132753 -> 0.92697708 1.02845753 0 0 
20160803 1.80686045 0.87440836 -> 0.87988336 1.00626138 0 0 
20160804 1.81859097 0.92697708 -> 0.93870761 1.01265460 0 0 
20160805 1.84337581 0.87988336 -> 0.90466820 1.02816832 0 0 
20160808 1.87403125 0.93870761 -> 0.96936306 1.03265708 0 0 
20160809 1.85711562 0.90466820 -> 0.88775257 0.98130184 0 0 
20160810 1.85094314 0.96936306 -> 0.96319057 0.99363243 0 0 
20160811 1.89240823 0.88775257 -> 0.92921766 1.04670794 0 0 
20160812 1.94527367 0.96319057 -> 1.01605601 1.05488575 0 0 
20160815 1.96796920 0.92921766 -> 0.95191318 1.02442433 1 0 
20160816 1.98035839 1.01605601 -> 1.02844521 1.01219342 2 0 
20160817 1.98564212 0.95191318 -> 0.95719691 1.00555064 0 0 
20160818 1.97621791 1.02844521 -> 1.01902100 0.99083645 3 0 
20160819 1.96515554 0.95719691 -> 0.94613454 0.98844296 0 0 
20160822 1.97109979 1.01902100 -> 1.02496525 1.00583329 0 0 
20160823 1.97160982 0.94613454 -> 0.94664457 1.00053907 2 0 
20160824 1.98552137 1.02496525 -> 1.03887679 1.01357270 1 0 
20160825 1.99501064 0.94664457 -> 0.95613385 1.01002412 0 0 
20160826 1.99933625 1.03887679 -> 1.04320240 1.00416373 0 0 
20160829 1.99574239 0.95613385 -> 0.95253999 0.99624126 1 0 
20160830 1.97921869 1.04320240 -> 1.02667869 0.98416060 2 1 
20160901 1.98470168 0.95253999 -> 0.95802299 1.00575619 0 0 
20160902 2.00431283 1.02667869 -> 1.04628984 1.01910154 0 0 
20160905 2.02433022 0.95802299 -> 0.97804038 1.02089448 2 0 
20160906 2.03796770 1.04628984 -> 1.05992732 1.01303413 0 0 
20160907 2.04229824 0.97804038 -> 0.98237092 1.00442778 0 0 
20160908 2.00916951 1.05992732 -> 1.02679859 0.96874434 0 1 
20160909 2.02636566 0.98237092 -> 0.99956707 1.01750474 0 0 
20160912 2.03016418 1.02679859 -> 1.03059711 1.00369938 0 0 
20160913 2.04556042 0.99956707 -> 1.01496330 1.01540290 0 0 
20160914 2.07001477 1.03059711 -> 1.05505146 1.02372833 0 0 
20160919 2.07920916 1.01496330 -> 1.02415769 1.00905884 0 0 
20160920 2.09786302 1.05505146 -> 1.07370532 1.01768052 0 0 
20160921 2.10174175 1.02415769 -> 1.02803642 1.00378724 1 0 
20160922 2.06169443 1.07370532 -> 1.03365801 0.96270176 1 1 
20160923 2.04923115 1.02803642 -> 1.01557315 0.98787662 0 0 
20160926 2.06188968 1.03365801 -> 1.04631654 1.01224634 1 0 
20160927 2.06658664 1.01557315 -> 1.02027010 1.00462493 0 0 
20160928 2.07209135 1.04631654 -> 1.05182124 1.00526103 0 0 
20160929 2.11399839 1.02027010 -> 1.06217715 1.04107446 0 0 
20160930 2.15492713 1.05182124 -> 1.09274998 1.03891225 0 0 
20161010 2.19321776 1.06217715 -> 1.10046778 1.03604920 0 0 lack(29)
20161011 2.20627801 1.09274998 -> 1.10581022 1.01195172 1 0 
20161012 2.20399050 1.10046778 -> 1.09818027 0.99792133 0 0 
20161013 2.19255540 1.10581022 -> 1.09437513 0.98965908 1 0 
20161014 2.21148056 1.09818027 -> 1.11710543 1.01723320 0 0 
20161017 2.24295420 1.09437513 -> 1.12584876 1.02875946 0 0 
20161018 2.25405111 1.11710543 -> 1.12820235 1.00993363 2 0 
20161019 2.26172133 1.12584876 -> 1.13351898 1.00681283 0 0 
after 191 days:
final: 2.26172132918
